Area,Ages_18-24,Ages_25-34,Ages_35-44,Ages_45-54,Ages_55-64,Ages_65_&_Older,Under_Age_18
101110,11.484245,12.52073,13.723051,17.288557,11.463515,13.432836,20.087065
101122,6.1075659,14.068672,9.0853844,20.723185,18.839258,15.466424,15.709511
101210,11.356682,20.84325,12.597755,12.427746,14.025842,8.7555256,19.9932
101220,3.8594072,15.230875,17.229496,13.025499,19.917299,11.819435,18.917988
101300,5.4421768,15.034014,10.839003,13.129251,21.156462,20.15873,14.240363
101400,9.710392,12.119738,10.927233,18.715015,14.748114,14.967145,18.812363
102103,5.2972975,18.216217,11.135135,15.513514,18.864864,16.594595,14.378378
102104,14.220052,15.024418,9.8822174,8.848032,20.856075,18.184429,12.984775
102105,13.800206,21.730175,13.439753,13.954686,9.3202887,8.4449024,19.30999
102107,7.3753815,13.784333,7.7568669,16.098677,15.284842,22.533062,17.166836
103101,8.1486778,14.796283,11.901358,17.119371,17.190851,13.116511,17.726948
103102,9.6197329,17.965057,13.44296,15.683454,11.757451,12.846866,18.684481
103200,5.6675663,9.4618196,13.684711,14.907128,20.050802,18.764883,17.463089
103300,6.1038566,10.598239,12.541756,20.012148,18.159733,18.038263,14.546007
103400,9.1018324,13.772904,11.655151,19.510363,15.109643,13.532593,17.317513
104103,14.232396,13.038069,13.062951,11.072406,12.590197,11.520279,24.483702
104105,11.765714,14.848433,13.546841,12.245248,9.0768967,8.939887,29.576982
104108,13.280456,15.802319,15.497254,11.856823,8.074029,9.6603622,25.828758
104124,12.05855,13.266728,12.290893,18.889404,10.153346,14.38197,18.959108
104201,13.404387,18.589874,12.728018,11.149826,9.6126251,5.841361,28.673908
104203,11.723281,17.854183,10.749793,12.862469,8.1607294,6.4830155,32.166527
104204,9.8161325,16.281139,13.671412,15.510083,13.048635,8.956109,22.716488
104310,10.178364,17.448624,14.09461,12.427298,8.8794107,10.566111,26.405584
104320,11.821086,24.581846,9.6222515,10.543131,12.140575,10.280023,21.011087
104401,11.839267,17.853291,15.183387,10.598705,7.6591153,6.0679612,30.798273
104403,10.791367,18.533745,14.114423,11.647824,9.0441933,11.921891,23.946556
104404,10.364753,17.984833,13.037197,12.676056,7.9812207,8.5951605,29.360781
104500,16.245487,16.343945,13.849689,12.077454,7.9094191,8.2376108,25.336397
104610,11.137371,17.784342,14.948301,10.546529,9.0103397,9.0398817,27.533236
104620,13.267096,10.929281,15.429573,11.718293,10.607832,8.7083578,29.339567
104701,14.099617,13.742018,11.519795,9.4252872,7.8671775,5.466156,37.879948
104703,11.458793,16.130453,17.672983,7.4922872,3.8783605,5.6412516,37.725872
104704,10.587971,16.197342,16.985807,12.119846,7.5016894,4.8659606,31.741383
104810,8.9341154,19.006554,14.091066,11.210762,10.469128,10.244912,26.043463
104821,14.102955,16.874809,13.859275,14.346634,5.2086506,10.051782,25.555895
104822,13.335925,11.197512,16.290825,17.729393,4.0435457,8.0482111,29.354588
106010,10.999665,9.6288862,16.048145,15.91441,12.036108,11.668339,23.704447
106020,10.479376,12.661252,13.760153,12.231247,12.406434,11.928651,26.532887
106111,10.02907,9.0323925,14.908638,15.635382,13.517442,12.645349,24.231728
106112,10.251289,12.79747,16.59178,12.364786,9.9517393,9.3692799,28.673656
106113,11.519537,12.532561,14.703328,13.806078,8.5962372,14.674385,24.167873
106114,12.132974,16.267296,14.697941,11.272359,8.0998983,6.8511643,30.678366
106403,12.834225,14.945117,14.185196,14.185196,10.835914,8.4154234,24.59893
106405,9.5686274,15.947712,10.745098,16.888889,8.7320261,6.5882354,31.529411
106406,9.4631481,10.500455,16.214741,13.303002,12.811647,11.974523,25.732485
106407,9.6852303,12.590799,13.248011,10.169492,9.028018,15.358007,29.920443
106408,17.937565,15.020471,14.969294,9.6468782,4.8362331,2.917093,34.672466
106510,9.5127163,13.997282,11.958843,13.220734,12.424772,10.075713,28.80994
106520,10.392688,16.232227,16.452269,7.5321598,11.391334,11.492891,26.506432
106603,8.4766588,6.9717445,11.916462,16.523342,15.325553,15.816954,24.969288
106604,9.9827509,15.351444,19.167746,8.9262609,9.5730915,6.9210868,30.07762
106641,8.9510489,8.6247082,12.634032,15.571095,17.202797,19.487179,17.529137
106642,7.5102282,10.052601,14.494448,14.991233,14.699006,18.381063,19.87142
106643,10.624868,13.633494,9.1731539,19.650747,13.507258,15.043131,18.367348
106645,4.9730377,7.159976,14.97903,13.840623,11.713601,22.139006,25.194727
106646,8.1593924,13.120087,10.92437,17.701275,14.44836,16.427216,19.219301
106648,11.767652,15.147721,14.396595,12.844266,8.2373562,6.6850276,30.921383
106649,7.2261949,12.721114,19.156944,9.936018,10.312383,13.963117,26.684231
107010,13.703466,11.424904,15.500642,14.602054,11.007702,9.0821562,24.679075
107020,10.68661,17.264372,17.80501,13.515949,8.181654,8.6682281,23.878176
108101,6.1847053,14.166319,8.1905556,13.790221,17.00794,21.01964,19.640619
108102,10.766325,10.793308,13.302752,14.651916,14.651916,16.891527,18.942255
108103,8.9507103,6.5618386,10.250983,14.968249,18.052616,23.737526,17.478077
108104,7.2441745,9.5744677,11.854103,18.085106,12.816616,15.450861,24.97467
108201,4.4988027,6.1409512,15.651728,17.15703,15.155662,13.821416,27.574409
108202,4.7227302,12.233395,14.76234,15.859232,12.340036,16.072517,24.00975
109100,10.976533,8.7433758,13.890991,12.225587,10.06813,26.53293,17.562452
109200,6.2316713,15.249267,18.804985,10.080646,12.683285,12.719941,24.230206
109300,7.5766339,13.360324,15.095431,14.979757,9.9768648,15.991903,23.019087
109400,12.192263,12.954279,9.7596722,17.790152,10.521688,17.174677,19.607269
109500,13.548112,18.369959,9.7077017,10.027737,9.3449965,10.603798,28.397696
109601,10.814071,16.0201,10.994975,14.231155,13.56784,13.065327,21.306532
109603,11.461594,11.196725,16.229233,15.916205,13.773176,10.787383,20.635685
109604,14.09179,12.411119,16.645119,12.249516,12.960568,12.798965,18.842922
109700,10.49055,16.840094,9.386282,15.523466,9.6835842,15.50223,22.573795
109800,11.335012,12.013176,17.322224,11.160627,13.582639,14.357682,20.228638
111100,11.939375,7.4543767,13.516857,19.084442,11.846582,13.300341,22.858027
111201,7.3516388,14.02421,8.1192799,14.644228,18.571007,19.98819,17.301447
111202,10.509383,9.8659515,12.546917,14.423593,11.510277,16.496872,24.647007
111204,8.9173002,9.0305872,9.9854345,14.614016,16.701731,20.780062,19.970869
111205,13.684211,10.576441,17.318296,9.4486217,10.150376,13.483709,25.338346
111206,6.0459237,7.225616,16.389299,14.345902,13.355803,21.718981,20.918474
111301,11.78396,13.282135,14.755131,17.134584,12.979982,8.3847408,21.679466
111302,18.962818,14.168298,6.6144814,12.97456,13.913895,16.614481,16.751469
111400,9.2421913,12.083973,17.255505,16.039427,11.623144,14.925756,18.830006
113101,12.30169,4.5513654,9.5448637,20.624187,12.743823,20.390118,19.843954
113102,9.6153851,8.1233425,13.196286,14.356764,18.435013,19.860743,16.412466
113211,4.4802866,9.7286224,12.467998,14.516129,18.023554,23.579109,17.204302
113212,7.3037128,11.716372,12.294583,20.602556,13.298843,16.068169,18.715763
113213,7.7428937,15.591854,14.891811,12.961391,12.028002,17.394993,19.389053
113231,7.1875,4.1964288,11.964286,16.830357,15.892858,22.008928,21.919643
113232,5.7907434,9.7170429,14.608467,16.779995,10.484756,22.680412,19.938583
113233,9.2845297,18.441525,18.173702,13.50593,4.1958933,5.930366,30.468052
113234,8.937459,14.953473,12.096949,15.38628,8.8508978,14.04458,25.730362
113235,8.289855,13.449275,13.623188,16.57971,16.869566,14.84058,16.347826
113237,8.5693712,10.945751,11.473836,15.698512,15.290446,22.011522,16.010561
113301,9.1063108,10.122829,9.9110546,15.840745,11.308767,23.506989,20.203304
113303,8.5829763,12.482168,10.508797,15.810746,13.100333,18.164526,21.350452
113321,5.4102154,23.812067,13.561131,16.355223,15.66115,5.819541,19.380672
113322,7.3678861,9.9085369,13.643292,15.091463,18.572155,21.112804,14.303862
113401,8.8167057,16.598251,9.958951,17.115831,12.475459,13.938961,21.095842
113421,11.410368,15.638576,15.320011,12.785983,8.9053001,6.9939184,28.945845
113422,7.4040899,18.599791,11.583818,17.30109,16.017317,8.971488,20.122406
115101,9.7702255,7.0476928,8.283452,16.354509,15.369762,24.580034,18.594324
115103,86.300964,6.893517,2.6400704,1.2026987,0.26400703,0.20533881,2.4933999
115104,34.990749,15.379278,10.175763,11.517114,5.2728953,9.8751154,12.789084
115201,21.964365,22.57823,11.768229,6.3931727,10.720168,12.501871,14.073963
115202,15.921053,23.618422,13.179825,10.964912,11.22807,10.921053,14.166667
115301,12.889105,8.4143972,11.867704,13.642996,14.275291,19.2607,19.649805
115302,13.771235,13.635334,13.204983,12.616081,7.5198188,8.6749716,30.577576
115401,7.2037439,16.931305,15.594184,15.895036,8.7581482,8.9085741,26.709009
115403,13.142858,19.914286,11.8,11.542857,10.828571,10.171429,22.6
115404,10.617028,16.16684,13.891762,10.27232,13.409169,10.099965,25.542915
117101,10.153959,15.79912,15.780792,14.406158,13.654692,6.2683287,23.936951
117102,10.709117,16.678726,10.962374,19.898697,9.0810423,13.277858,19.392185
117201,11.578947,13.705693,14.371643,12.760472,8.0128889,10.354458,29.215897
117202,7.3349633,13.406683,14.955175,10.554197,17.033415,17.074165,19.641401
117301,10.10049,14.867302,10.615821,17.856222,11.620716,14.377738,20.56171
117302,7.8656125,13.043478,11.897233,16.581028,13.952569,15.474308,21.18577
117303,11.054193,11.350768,18.738205,13.966028,15.880291,11.458614,17.551901
117404,8.5775557,14.05766,15.225161,18.703836,14.033834,11.5797,17.822254
117405,13.803039,18.910425,14.143531,12.650602,4.7668939,2.3834469,33.342064
117407,12.953643,18.437086,12.556292,14.543046,4.1324501,2.1192052,35.258278
117408,11.470216,14.892269,16.730038,13.688213,5.6400509,4.7528515,32.826363
117510,14.766971,14.893617,14.387032,9.9544077,7.598784,3.7234042,34.675785
117520,12.000998,19.560879,13.747505,8.0339317,7.3602796,3.2684631,36.027943
117530,16.414654,15.978176,11.67576,13.203429,4.7856588,5.5183163,32.424007
119001,10.175082,16.747019,13.042375,12.230398,12.052778,11.037807,24.714539
119002,9.1077013,18.172777,13.483944,15.117931,10.329639,10.983233,22.804773
119201,12.556732,17.725668,14.926879,12.531518,9.1023703,8.4720125,24.68482
119202,10.985277,16.03624,12.208381,13.408834,10.079275,12.842582,24.439411
119310,11.658499,11.813257,15.243745,11.864844,9.6724272,14.831055,24.916172
119320,9.3930635,22.357555,7.8654003,11.168456,11.519405,5.0784473,32.617672
119340,11.666224,17.698645,16.290194,9.7262821,3.1357958,3.5344141,37.948444
119341,13.500897,16.588869,11.669659,12.998204,9.9102335,12.172352,23.159784
119342,11.740891,14.574899,14.401388,15.789474,8.0682478,4.829381,30.59572
119400,11.210354,14.21801,12.449872,18.920889,13.652935,8.0204153,21.527525
119700,6.3678255,15.312107,13.720151,15.87767,14.076246,11.332216,23.313784
119800,14.70906,15.311005,12.94953,16.02099,8.5815716,9.5385094,22.889336
119900,8.3685217,15.6238,13.589252,14.069098,10.556622,9.731286,28.06142
120010,10.254572,19.182503,13.194694,12.656866,10.577268,6.4539261,27.680172
120020,12.899212,14.952302,14.765657,12.650352,7.8390708,6.3459144,30.547491
120030,10.432368,14.280047,15.866719,12.098373,7.5366917,6.5053549,33.280445
120103,11.505508,19.736841,14.351285,9.8837214,3.3047736,1.4075887,39.81028
120104,13.52459,19.225037,12.108793,11.065574,9.7988081,6.1847987,28.0924
120105,11.710165,13.221154,14.320055,12.362638,7.6236262,14.697803,26.06456
120106,12.374866,13.588924,19.680511,9.158679,8.7965918,5.4100108,30.990416
120107,15.645908,14.745239,16.881111,9.6500254,5.9186826,3.1137416,34.045292
120108,9.8095436,17.161581,13.639156,19.04567,8.0892897,5.8570552,26.397707
120300,8.7189569,14.757906,11.381097,14.793639,15.347507,11.184563,23.81633
120400,13.331434,17.632816,14.214499,12.035322,9.2152119,11.608033,21.962683
121010,8.215661,15.019256,12.516047,18.314077,11.446299,10.63329,23.85537
121020,13.262033,14.385027,11.550802,20.187166,8.9839573,10.347593,21.283422
121101,6.6624365,24.873096,12.563452,13.737309,9.4543152,8.5659895,24.1434
121102,7.4003067,13.803681,10.812883,15.260736,12.5,15.490798,24.731596
121210,11.121525,15.245235,11.402687,12.433615,11.965011,14.807873,23.024055
121221,10.807292,17.881945,15.92882,12.934028,11.675347,9.9826393,20.78993
121222,13.568521,16.030239,13.02578,8.6644697,10.001939,3.9736383,34.735413
121600,8.8301039,17.026825,10.730253,20.678093,11.773473,16.579731,14.38152
121801,16.290274,14.393255,19.211081,11.141223,9.9367657,6.2330623,22.794338
121802,11.299111,16.747921,11.87267,17.063377,13.421279,9.6931458,19.902494
121900,15.375587,14.483568,14.906103,16.056337,8.7323942,12.276996,18.169014
122000,12.491909,15.12945,14.789644,11.18123,13.398058,15.53398,17.475729
122120,12.539185,18.704285,11.724138,12.831766,13.249739,5.9770117,24.973877
122121,9.2672415,13.21839,13.721265,11.602012,13.074713,11.997127,27.119253
122122,13.269946,13.145928,14.055395,10.624225,10.706903,7.7718067,30.425797
122200,13.245509,14.754491,14.395209,11.832335,12.431138,7.6407185,25.7006
122410,13.6517,18.50506,14.06696,10.952504,7.0075264,7.7861404,28.030106
122420,8.8127556,14.350355,14.027149,15.578539,10.450334,5.5591469,31.22172
123010,12.871972,17.600924,14.602077,13.26413,7.750865,5.2595158,28.650518
123020,14.048424,18.412163,19.538288,10.641891,10.670045,6.8975224,19.791666
123103,9.8888102,15.235392,13.555714,17.151644,7.6176958,10.858765,25.69198
123104,10.359944,16.243654,11.098292,15.274573,13.936317,11.905861,21.181356
123203,14.030819,14.679643,15.544742,9.4079485,9.0835361,5.7583132,31.494999
123204,10.84051,18.71102,14.760915,15.978616,8.969409,4.0689039,26.670628
123205,10.095799,17.501842,17.05969,12.269712,10.243183,7.2218127,25.607958
123206,14.1516,13.560501,14.464534,12.308763,11.995828,8.344924,25.173853
123301,12.536119,16.336964,15.047789,13.691932,13.069571,10.869082,18.448544
123303,12.308635,16.840172,13.227189,13.012859,11.267606,11.665646,21.677893
123304,11.410142,16.725979,8.0516014,12.967082,13.834519,18.727758,18.282919
123410,9.9636364,16.363636,11.660606,14.084848,12.169697,12.436363,23.321213
123420,11.85853,17.198336,14.586223,13.476653,10.63338,7.7669902,24.479889
123510,11.553068,14.071557,11.772936,13.971617,12.732361,12.93224,22.966221
123520,14.96,10.2,14.52,14.08,12.04,9.7600002,24.440001
123601,8.6031628,16.26506,16.076807,16.698042,13.685994,12.951807,15.719127
123602,11.882845,13.807531,13.612273,11.743375,14.114366,14.086472,20.753138
123700,10.239183,17.952164,6.4498792,20.451492,12.550389,14.70035,17.656544
123800,9.6445789,20.557241,15.252724,13.895338,14.877657,10.019647,15.752813
123901,10.862029,13.1731,16.085047,14.467299,10.076265,10.076265,25.259995
123902,6.835722,22.454979,17.126057,16.90555,10.584344,9.8860712,16.207277
124000,10.426075,12.075397,14.608286,12.134302,14.804634,13.999607,21.951698
124102,7.8525643,27.430555,19.631411,11.591881,7.104701,7.9594016,18.429487
124103,9.9863825,19.291874,16.931458,8.8061733,9.5324554,8.6699953,26.781662
124104,13.384672,24.972498,15.511551,11.074441,8.617528,7.5540886,18.885221
124105,11.247216,23.682257,16.518188,10.616184,8.7602081,7.5723829,21.603563
124201,8.9858789,20.121952,11.777921,20.378691,10.494224,12.16303,16.078306
124203,13.256591,19.494987,13.962124,14.296324,10.582993,8.8377275,19.569254
124204,13.852115,16.725864,18.534065,13.755247,8.7504034,5.3277364,23.054569
124300,6.1105208,21.625931,16.126461,14.612115,7.5982995,10.069076,23.857597
124400,10.093677,16.651054,13.653396,12.95082,10,13.911007,22.740047
124500,6.5916901,19.837551,14.932834,11.84005,15.432677,10.809122,20.556076
124600,8.5245905,17.078987,15.201192,12.757079,16.274218,12.518629,17.645306
124700,8.0510168,23.136707,14.487844,17.756079,11.219609,8.3897963,16.958948
124902,7.617775,21.984631,9.3551617,14.567324,11.794187,17.407284,17.273638
124903,8.0660229,24.758642,16.381189,12.519464,19.184055,12.239178,6.8514481
125100,6.7547722,20.949583,19.024311,12.710067,11.323217,9.8221569,19.415892
125200,5.8900867,19.852747,26.873522,13.410465,7.4940834,5.9689717,20.510124
125310,17.793303,19.128826,17.402918,10.108896,11.485515,7.6844053,16.396137
125320,20.34296,30.722021,11.33574,11.137184,7.3104692,10.505415,8.6462097
125401,7.7905159,39.473682,22.772278,10.213653,6.2272015,3.6737885,9.8488798
125402,10.645162,35.583126,19.354839,7.9404469,10.942928,6.2779155,9.2555828
125501,10.329067,32.480194,16.026814,11.761121,9.1407681,6.459476,13.80256
125502,4.8264184,27.998871,15.834039,18.571833,8.6649733,8.8907709,15.213097
125600,3.0214016,15.652539,13.008812,20.100714,14.351658,18.170374,15.694503
127102,12.749081,14.04527,11.627007,20.719675,7.6804023,5.9005609,27.278004
127103,9.8713732,21.53754,11.725995,10.200418,10.94825,6.7005682,29.015854
127104,11.649485,17.087629,15.386598,13.634021,9.1494846,9.0721645,24.020618
127210,12.637642,16.533966,15.39895,13.128918,8.0467558,8.1314583,26.122311
127220,6.1224489,13.754251,15.986395,10.629251,14.158163,14.285714,25.063776
127300,9.6900921,18.441729,15.888258,11.392406,12.068966,13.225666,19.292885
127400,11.122064,16.559881,15.62346,13.931329,10.169213,5.6842451,26.909807
127520,10.962702,21.421371,16.834677,11.491936,4.0574598,8.3669357,26.86492
127603,8.7359362,22.170748,15.420252,10.125745,5.3937788,6.9159498,31.237591
127604,8.2674332,17.864845,13.371675,13.731129,6.7936735,16.067577,23.903666
127605,9.4902916,20.242718,18.422331,8.9805822,7.3058252,5.4854369,30.072815
127606,11.505348,16.097052,14.531698,14.036003,10.513958,7.7745891,25.541351
127711,9.8742304,19.106236,13.70083,14.236018,10.436179,7.305325,25.341183
127712,8.4634066,16.094347,18.10614,12.348248,17.65522,6.9025321,20.430107
127803,7.3146539,13.86065,19.885941,12.596083,10.860402,12.620878,22.861393
127804,9.8218584,18.46413,16.658642,13.336543,8.5700531,7.2460279,25.902744
127805,8.925189,15.601326,13.375947,17.613636,8.641098,12.026515,23.816288
127806,14.272417,19.112629,13.372634,16.568415,11.076636,8.2531805,17.34409
127910,19.77379,12.656006,15.366614,12.480499,8.9703588,6.1232448,24.629486
127920,6.9025664,19.312235,15.200598,13.87989,10.465985,7.301271,26.937454
128101,10.842646,16.913319,18.57445,14.557535,12.201752,10.329206,16.581093
128102,10.015012,23.654301,14.196869,14.111087,8.7068415,6.7338624,22.582029
128210,11.384051,19.321724,17.195234,11.109075,6.1594868,3.8496792,30.980751
128220,6.9001389,20.423023,14.181692,19.45215,10.194175,8.8765602,19.972261
128302,14.398309,16.743561,12.610535,16.955017,8.1122646,5.478662,25.701653
128303,12.055911,20.297029,11.99767,12.085032,5.6493883,5.7949915,32.119976
128400,6.2664433,18.344894,16.718489,15.02033,11.026071,10.643387,21.980387
128500,8.9558954,18.136814,18.496849,12.961296,10.846085,11.09361,19.509451
128601,8.380744,23.93873,13.829322,11.838075,9.2560177,7.3304157,25.426697
128602,4.1881442,18.588917,14.787371,16.91366,11.791237,15.850515,17.880156
128702,4.2085533,19.918215,21.605043,11.97819,9.677969,15.760777,16.851252
128801,8.242754,23.641304,16.908213,15.519323,10.960145,11.413043,13.315217
128802,4.3532858,16.471327,22.729176,10.946003,8.4135618,15.278359,21.808289
128910,8.4575901,13.737473,17.281837,18.699585,13.90858,10.877536,17.037399
131010,12.618896,18.151554,12.25428,17.073557,6.6106529,7.5459733,25.745085
131020,11.2,13.208889,15.857778,16.195555,11.591111,8.3911114,23.555555
131100,10.907504,12.972658,11.431065,17.94648,12.158232,13.205352,21.378708
131200,10.589378,10.718912,13.277202,17.033678,15.705958,15.544042,17.130829
131300,11.696736,14.332049,13.683357,16.217312,13.561728,13.338739,17.170078
131400,10.564168,18.858877,11.539076,14.783442,13.904427,9.6691704,20.680838
131600,15.543458,13.121832,11.638821,16.05031,12.802703,10.81284,20.030035
131701,5.9454627,14.237819,15.288333,17.948145,13.522574,11.622709,21.434958
131702,12.793877,10.251504,11.72772,19.245489,11.290322,11.83707,22.854019
131800,10.556521,17.965218,17.026087,13.217391,9.5304346,10.521739,21.18261
131900,7.0548234,13.960901,17.467064,12.558436,10.114747,10.858479,27.98555
132001,5.5690074,8.1416464,19.249395,18.129539,9.3825665,13.317191,26.210653
132002,10.919204,11.504683,14.051522,12.324356,15.807962,14.69555,20.696722
132101,6.8483891,17.368776,18.855598,10.633025,10.835773,10.790719,24.667719
132102,6.2872024,17.243303,16.071428,13.095238,11.904762,12.444197,22.953869
132300,11.975643,13.328823,19.147497,12.124493,9.2286873,8.4438429,25.751015
132501,11.102923,10.857284,12.724147,12.945222,12.404815,22.451487,17.514124
132502,11.626734,15.283732,11.954603,13.165195,11.349306,11.702396,24.918034
132700,13.378109,12.053004,13.359957,16.790707,8.5859499,8.0595388,27.772736
132900,8.6834736,14.031067,16.908581,12.885154,11.89203,13.827349,21.772345
133000,10.71816,9.438056,14.363202,19.874159,10.609676,10.935127,24.061619
133100,10.661385,14.261109,11.884257,13.193249,15.105063,19.962109,14.932828
134001,9.5153513,20.477036,15.427556,10.834813,10.149708,6.5465617,27.048973
134002,11.658654,18.245192,11.730769,12.548077,12.259615,10.360577,23.197115
134101,9.2936172,16.987234,12.731915,18.51915,10.434043,13.259575,18.774467
134103,7.9147983,13.094171,18.430492,12.331839,14.125561,11.278027,22.825111
134104,11.893848,17.104946,17.249699,14.330519,8.9264174,10.422195,20.072376
134201,5.6236482,20.620043,15.404951,12.641192,14.563807,10.83874,20.307619
134302,8.7441616,16.917488,10.015568,18.162947,14.634147,13.18111,18.344578
134303,10.292417,13.183545,15.942508,17.710226,9.0368414,14.918222,18.916241
134304,8.529705,12.578825,15.532692,10.88616,14.603385,19.382675,18.486559
134305,12.846843,16.080402,17.150972,10.356129,9.3948002,4.3259778,29.844877
134306,8.8106928,15.902891,18.87616,12.684124,5.319149,13.966176,24.440807
134421,6.5311651,5.8265581,9.485095,20.081301,15.094851,19.07859,23.902439
134422,6.7494493,10.574804,16.44302,17.184057,10.434608,17.484478,21.129581
134423,9.5322676,5.2693901,15.097691,17.22913,14.328005,19.804619,18.738899
134424,7.9266057,7.0091743,8.1467886,13.688073,25.21101,19.449541,18.568808
134520,13.602942,18.382353,13.161765,13.180147,7.1875,8.1066179,26.378677
134521,13.398693,26.601307,10.751634,10.947712,7.0588236,1.6666666,29.575163
134522,6.6025476,19.053808,18.507929,11.983364,8.786067,7.2524047,27.813881
134710,12.978759,16.624853,18.949657,13.129286,6.7235322,5.318615,26.275297
134720,11.81313,22.288536,13.871167,12.965631,10.495987,9.8991566,18.666391
134800,10.689763,12.265918,17.41573,10.081148,16.214108,12.156679,21.176655
134901,7.8698225,13.964497,16.065088,14.881657,8.9349108,14.64497,23.639053
134903,14.173228,30.965424,15.080452,10.9038,4.296474,3.6631291,20.917494
134904,9.3122597,16.445963,17.27894,12.686886,14.310123,9.6967106,20.269115
134905,7.5151167,30.290815,19.205297,8.8396196,12.496401,10.855168,10.797582
135102,12.069381,9.997591,12.984823,16.863407,12.743917,16.188869,19.152012
135111,6.9076824,14.912847,18.269852,14.590058,11.297611,11.32989,22.692059
135113,7.225338,18.47575,25.140217,7.3573079,8.1161337,12.141208,21.544044
135114,12.110947,29.197544,13.06373,6.0554733,9.803091,15.668008,14.101207
135201,6.7553,10.168882,13.259073,16.277399,14.660439,17.606899,21.272009
135202,8.9833479,9.2243643,13.365469,20.946539,10.736197,13.40929,23.334793
135203,8.0634136,7.708077,11.234113,17.821512,18.955856,15.334153,20.882875
137000,8.1926203,4.7946634,11.507192,21.179905,16.030853,17.719408,20.575359
137103,5.5916228,19.308901,17.089005,14.973822,10.827225,13.759162,18.450262
137104,10.132312,8.8091927,10.306407,18.10585,13.544568,19.951254,19.150417
137201,5.6145158,18.230059,13.214652,14.720986,13.574119,10.886683,23.758987
137301,9.4024601,9.578207,10.369068,15.246046,14.543058,17.530756,23.330404
137302,10.309734,4.3362832,9.7566376,16.946903,15.575221,25.176991,17.89823
137401,5.3795304,8.5479822,15.477548,19.307043,11.465694,14.10987,25.712332
137402,6.5335436,6.0956383,11.595726,10.754949,17.358557,22.87616,24.785427
137501,11.64451,16.592812,14.278681,12.358444,9.1088133,15.484982,20.531757
137502,5.6351714,7.1168327,18.387175,13.942191,15.739616,19.358757,19.820257
137504,7.4494328,11.445486,5.8707447,16.576221,19.240257,24.46966,14.948199
138000,5.954392,12.584459,13.724662,16.089527,15.751689,18.496622,17.398649
139001,3.197556,23.360489,20.142567,8.2077389,12.505092,11.710794,20.875763
139200,7.2909222,20.032166,14.867763,12.812723,11.436741,10.650465,22.909222
139301,5.5283556,8.3843327,15.136679,16.054672,12.586699,21.603428,20.705833
139302,6.9224176,23.939135,14.616374,13.887698,10.437205,9.0227175,21.174454
139303,8.0451975,20.20339,14.033898,15.728813,9.9435024,11.932203,20.112995
139401,10.345953,14.882506,19.549608,15.502611,7.0822453,14.164491,18.472586
139402,4.6624913,8.0375786,12.491302,13.604733,14.4746,18.580376,28.148922
139502,5.0395255,11.198946,19.960474,10.638999,15.41502,20.256916,17.490118
139503,11.114935,21.403992,9.2567101,13.764625,14.538885,17.222986,12.697866
139504,9.4024353,15.661285,11.243274,13.45228,16.510904,19.824413,13.905409
139600,4.5081968,19.866264,12.618637,8.9516821,15.422778,20.750647,17.881794
139701,6.2349157,11.786001,10.901046,16.391794,10.961384,23.913918,19.810942
139702,3.5460992,3.7770081,14.068943,14.596734,15.850239,23.94854,24.212437
139703,4.5061283,10.778659,9.3006487,19.069935,15.284787,20.511896,20.547945
139801,4.5745921,3.7004662,10.052447,15.879953,15.996504,30.944056,18.851982
139802,6.1890087,6.4201336,11.06831,18.875193,17.437082,21.545969,18.464304
141101,8.6902027,24.566534,19.364946,10.068936,10.215166,11.364111,15.730103
141102,5.2385721,15.749083,24.45779,10.610611,12.645979,11.945278,19.352686
141201,10.229445,22.251434,18.690248,14.244741,8.0305929,9.2973232,17.256214
141202,2.6223776,20,16.713287,15.454545,13.776224,13.881119,17.552448
141302,8.0181284,24.071815,14.432631,15.757364,9.4125853,16.698624,11.608855
141303,3.9457071,31.470959,19.760101,9.848485,7.8282828,14.172979,12.973485
141304,2.5483575,17.408659,20.264046,15.873504,9.5179615,13.447958,20.939514
141400,4.7871165,11.559673,15.530554,9.0006618,19.016104,22.501654,17.604235
141500,2.3434885,3.5487111,12.554402,14.596585,20.187479,23.468363,23.30097
141600,7.2631073,7.1669073,13.323713,17.171717,15.488215,22.582973,17.003366
141700,7.154367,7.5088625,14.598775,16.306799,18.884951,18.98163,16.564615
143100,4.7303472,21.503656,17.687386,15.287934,16.247715,13.939671,10.603291
143200,6.1229672,25.685976,21.824186,14.583333,10.162601,6.3262196,15.294716
143300,7.2283878,16.705608,15.99007,19.582359,9.9007006,11.784463,18.808411
143400,6.3823161,21.341843,18.072851,12.951432,14.290162,11.332503,15.628892
143500,3.313509,15.930331,18.181818,20.199659,12.914188,9.0271873,20.433306
143602,2.9393106,17.086065,16.197927,16.303658,12.603087,17.297525,17.572426
143603,8.0551844,24.477081,23.141968,14.285714,12.060525,7.5211391,10.458389
143604,16.949152,36.499123,20.105202,8.3576851,5.0555229,5.3477497,7.685564
143700,5.9845562,17.788197,19.884171,17.043573,12.658577,14.726972,11.913955
143800,4.4637995,18.962076,15.695881,16.095083,10.615133,11.667574,22.500454
143901,5.1657858,9.7549257,12.157617,17.635752,16.506487,17.731859,21.047573
143902,4.7952046,16.083916,18.148518,18.381618,10.989011,13.353313,18.248419
181000,5.1760507,11.763751,15.4957,14.83044,16.339445,20.055168,16.339445
181300,8.713376,11.388535,15.898089,13.452229,13.426751,19.872612,17.248407
181400,10.002165,12.491881,14.656852,15.977485,11.257848,16.432129,19.181641
181500,6.3369398,14.270994,13.936115,14.554354,14.786193,17.722824,18.392582
181600,36.420551,10.837651,10.060449,10.319516,9.5639029,8.0310879,14.766839
183101,9.4200926,14.347944,15.736455,16.852709,12.877757,11.952083,18.81296
183103,10.275519,19.738031,13.821138,10.749774,14.092141,6.2782292,25.045168
183104,7.5707154,15.806989,13.810316,12.895175,11.56406,15.848586,22.50416
183220,10.929451,18.029116,13.7514,14.244121,7.5251961,12.519597,23.00112
183221,6.5464897,15.14864,18.216318,8.9184065,12.681847,9.4876661,29.000633
183222,7.0520229,15.144508,11.907515,13.236994,18.439306,17.080925,17.138729
183300,13.105497,20.178307,11.352155,12.897474,11.649331,13.818722,16.998514
183401,11.152264,16.296297,16.584362,10.781893,16.255144,10.823046,18.106997
183402,17.539267,14.626964,13.514398,12.5,9.0641365,12.009162,20.746073
183510,9.6390324,14.240381,18.20706,15.906386,8.8853626,9.2026978,23.919079
183520,10.72365,15.076035,16.229681,12.63765,9.8059778,8.3114843,27.215521
183610,11.937322,16.324787,17.578348,11.994302,10.797721,7.3789172,23.988604
183620,11.18797,18.105263,14.165414,12.932331,5.8345866,8.5112782,29.263159
183701,11.99581,22.315348,18.622314,9.4814043,9.1671028,9.6123629,18.805658
183702,9.9938498,16.666666,18.111931,13.92989,7.1340714,13.161132,21.00246
183810,8.0304108,22.641958,13.447374,11.784272,10.144928,8.6006174,25.350439
183820,7.5749998,19.15,13.825,11.55,10.175,4.8499999,32.875
185100,5.486671,16.026039,18.195908,14.212647,11.996281,15.266584,18.81587
185202,9.9608421,19.627998,13.852179,12.016643,12.359276,10.107685,22.075378
185203,13.070284,16.553637,15.25894,12.114674,9.9876699,10.542541,22.472256
185204,7.3428421,8.2408876,18.541996,10.248283,14.368727,24.722662,16.534601
185310,9.9096289,18.603926,15.300716,10.626364,11.031474,8.226862,26.301029
185320,11.867427,15.680684,11.261582,14.967926,11.047755,12.758375,22.41625
186100,5.1165805,12.219344,21.049223,12.046632,15.457685,15.695164,18.415371
186201,5.8001823,17.096872,10.932281,14.454905,10.658974,19.435165,21.621622
186202,9.9458399,8.8626289,19.793205,16.395864,9.5027084,14.475628,21.024126
186203,10.41384,13.500678,13.466757,13.80597,15.705564,15.603799,17.503391
186301,12.27844,16.532389,15.630035,13.922011,8.3467607,7.6699967,25.620367
186302,6.9679852,17.4095,17.744297,12.429379,12.868801,14.166143,18.413895
186401,10.420121,16.39027,14.234384,14.455501,9.5632944,8.8999443,26.036484
186403,9.9066048,15.577051,13.108739,17.011341,11.407605,12.87525,20.113409
186404,10.363289,16.711281,15.296367,16.099426,8.7954111,7.9158702,24.818356
187101,7.7002764,18.162983,13.294199,16.401934,10.082873,19.267956,15.089779
187102,5.7669439,18.281807,15.041617,18.133175,9.4233055,12.663496,20.689655
187200,13.259073,18.613008,13.36687,12.827884,10.312613,10.959396,20.661158
187300,5.8058376,20.939087,23.76269,15.260152,9.8667517,9.1053295,15.260152
188100,9.2528582,20.499866,20.393513,15.128955,8.9603825,12.071258,13.693167
188201,5.5587392,33.467049,17.13467,14.813753,7.5071635,9.5702009,11.948424
188202,1.4279532,22.025097,17.957594,11.466897,13.933362,20.034616,13.154479
188300,3.6585367,21.396896,19.068737,11.779379,12.888026,19.290466,11.91796
189101,4.8887124,30.484898,17.130365,11.565978,7.5119238,19.952305,8.4658184
189102,5.6633291,21.339174,24.31164,15.331665,8.5732164,12.453066,12.327909
189201,8.6149158,34.733639,15.64688,11.506849,11.354642,10.228311,7.9147639
189202,4.1229095,25.63205,11.746402,15.519253,9.8794241,20.847919,12.252042
189300,6.5239553,9.1743116,14.101257,14.441047,21.780497,21.032959,12.945973
189400,2.0210645,21.690863,22.459436,15.6846,15.28608,13.606604,9.2513523
189500,5.6165752,32.775837,24.638042,11.258113,11.357963,7.4638042,6.8896656
189600,5.1051893,33.464237,20.196354,10.182328,12.398317,10.014026,8.6395512
189701,11.201044,17.702351,21.56658,14.778068,11.096605,9.0600519,14.595301
189702,2.0997376,22.414698,25.35433,12.073491,12.808399,15.433071,9.8162727
189800,5.351759,28.994974,25.201006,11.080402,9.2211056,13.190955,6.9597988
189902,8.0107317,37.236488,18.915293,10.636259,12.648524,10.94289,1.6098121
189903,13.041453,30.740568,17.373079,17.885422,12.435957,6.8001862,1.7233349
189904,16.123907,33.955521,16.83876,13.89992,5.5202541,9.3328037,4.3288326
189905,14.771784,22.365145,21.659752,9.1701241,13.983402,11.037344,7.0124483
190100,17.850449,31.680901,20.141638,12.01833,5.9154344,6.7902522,5.6029992
190201,29.021244,26.403643,7.663126,12.177542,5.9939303,12.974203,5.7663126
190202,17.577354,39.993416,12.508229,9.6115866,4.2462144,13.824884,2.2383146
190301,12.98321,32.253025,14.994143,14.525576,8.6294413,11.011324,5.6032801
190401,2.4061034,35.446011,13.673709,13.820422,15.316901,10.534038,8.8028173
190402,4.8105578,28.65049,20.476799,13.580247,6.811409,15.708813,9.9616861
190510,12.371744,22.651934,16.535122,12.884768,10.576164,5.8208365,19.159431
190520,6.3963737,20.322336,14.127424,13.800051,14.832536,14.656258,15.865022
190700,16.966967,27.087088,14.864865,9.0090094,11.051051,12.702703,8.3183184
190801,15.441176,17.524509,14.297385,9.1911764,12.785948,22.794117,7.9656863
190802,10.111111,25.111111,17.333334,15.481482,12.037037,7.5925927,12.333333
190901,13.563115,19.740376,15.2641,10.004477,9.1987467,8.1692028,24.059982
190902,9.4370098,22.819567,14.490079,13.520997,11.6982,8.6063681,19.42778
191000,12.605708,34.090908,14.93129,11.918605,5.206131,6.4217758,14.825582
191110,9.3306284,14.691394,14.169806,14.662416,21.993626,19.704433,5.4476962
191120,9.9104996,17.114166,15.673433,15.78258,12.224405,11.591355,17.703558
191201,8.4885693,16.10923,16.553768,12.764606,16.828959,18.839966,10.414903
191203,14.49328,15.401381,14.202688,7.264802,17.689793,13.367236,17.58082
191204,11.508704,18.665377,16.972921,13.152804,13.491296,11.895552,14.313346
191301,7.1457086,20.399202,16.167665,12.614771,10.698603,15.848304,17.125748
191302,10.769231,28.523909,12.515593,12.681912,7.0686069,14.802495,13.638253
191410,10.399842,17.352768,14.161906,13.66949,8.1347256,8.5680523,27.713217
191420,8.2256784,24.307936,15.423148,12.575797,8.7793303,7.3029265,23.385183
191500,13.584374,20.042231,15.308816,12.810136,9.7131796,7.8303714,20.710892
191610,13.740284,19.821674,15.2492,14.746227,10.631001,7.315958,18.495657
191620,10.97561,21.95122,10.052735,13.216875,9.030982,16.677652,18.094925
191710,14.802183,18.894953,11.937244,15.416099,9.9931784,9.1405182,19.815825
191720,9.9767981,18.020109,14.101573,14.101573,9.8994589,7.6566124,26.243877
191810,14.795773,22.422165,18.737503,12.482148,6.8837476,3.2276492,21.451014
191820,8.4957705,23.501287,18.131666,16.734093,7.3188672,9.6358957,16.182421
191901,13.458262,33.219761,18.767746,10.448608,5.8205566,7.609313,10.675753
191902,1.7252821,21.831453,22.362309,11.048441,13.404114,10.119443,19.508959
192001,6.1133604,26.761133,20.526316,6.5182185,10.566802,17.773279,11.740891
192002,5.1016493,23.820484,19.831224,18.411968,10.164941,13.92405,8.7456846
192300,7.0131721,26.450695,19.508722,11.676753,8.8999643,14.98754,11.463154
192410,8.4367876,21.839371,15.758804,19.331137,10.53965,9.1715231,14.922726
192420,10.051667,18.341944,19.234383,11.531236,10.310004,6.5993423,23.931423
192510,8.9198036,15.248227,18.466993,17.621386,5.8101473,13.747954,20.185488
192520,10.495568,17.344883,15.290089,12.550363,11.66398,4.7945204,27.860596
192610,9.4512835,22.428541,13.728354,12.53912,9.5973291,9.0757351,23.179638
192620,10.553728,19.517544,12.801535,13.843202,12.691886,5.3453946,25.24671
192700,10.432912,20.22049,17.800484,17.020704,8.0397959,9.8144665,16.671148
194101,4.7331638,26.365946,20.775095,16.359594,9.2121983,10.736976,11.817027
194102,5.8730578,17.48749,13.062944,16.170662,14.959178,14.511456,17.935211
194200,3.0710173,9.7066078,17.438992,21.798738,17.768028,14.669592,15.547025
194300,6.4308681,11.548767,17.524117,22.454449,14.013933,12.942122,15.085745
194401,4.8701301,36.93182,17.167208,11.607142,8.6038961,14.853896,5.965909
194402,10.92233,28.033981,24.211164,12.560679,9.7087383,7.8276701,6.7354369
194500,9.0490799,16.104294,21.421268,8.2822084,14.212679,18.251534,12.678937
195100,4.1278834,13.476325,19.32416,12.990692,16.309187,18.089842,15.681911
195201,2.5870647,27.82753,22.321724,11.741294,11.077944,11.509121,12.935324
195202,6.2064967,17.227379,18.097448,17.836428,12.151972,11.339908,17.140371
195300,9.3947372,26.921053,18.447369,12.657895,8.6842108,11.421053,12.473684
195400,2.3040433,30.426926,23.582561,10.887734,9.735713,15.51841,7.5446124
195500,6.0544496,23.262901,18.224298,12.799675,12.982528,14.059325,12.616822
195600,6.658668,29.064188,18.296341,8.1283741,9.6580687,9.2081585,18.986202
195710,14.862041,14.318562,16.429766,12.270067,8.3612041,10.493311,23.265051
195720,8.9518671,26.54071,17.049032,11.111111,9.1318035,9.7165995,17.498875
195802,10.010921,20.640699,14.124499,13.469239,10.811794,12.340735,18.602112
195803,6.4364734,29.265841,14.951391,13.241703,11.163259,12.571237,12.370097
195804,5.077805,26.658476,16.912367,21.294022,7.0024571,9.95086,13.104013
195901,6.0251408,38.664932,12.743823,10.056351,8.2358036,12.397053,11.876897
195902,6.5939512,34.705006,11.650967,19.781855,6.8418446,9.5686665,10.85771
195903,8.7219343,27.288429,17.098446,11.442142,11.139896,6.908463,17.40069
197200,10.425806,17.729033,11.922581,14.064516,14.32258,15.019355,16.516129
197300,7.4603987,21.793562,17.194685,17.322432,13.260092,10.807358,12.161471
197410,7.1628556,23.051796,17.732151,15.772282,8.5627623,9.7060194,18.012133
197420,11.310385,20.133064,20.24877,8.6201906,10.587214,13.855945,15.244431
197500,10.38168,26.106871,18.346056,14.580153,4.6819339,10.101781,15.801527
197600,8.1994228,20.93119,19.118254,13.844253,11.330861,9.2295017,17.346518
197700,12.734662,21.482485,13.412038,13.31527,12.34759,10.373525,16.334431
199000,8.8118458,18.689058,13.831708,13.94005,9.7146988,11.195377,23.817263
199110,8.6400003,13,17.280001,11.16,14.28,15,20.639999
199120,12.176628,13.67083,12.466548,13.804639,11.083854,12.80107,23.996431
199201,9.9733076,13.516137,16.452318,14.365445,10.361563,9.0754671,26.255764
199202,11.888342,12.577996,16.256157,11.724138,11.625616,10.771757,25.155993
199300,5.6524186,14.454443,19.375704,12.570304,13.892014,12.542182,21.512936
199400,14.114779,13.73809,15.865278,9.8825617,12.430756,11.389319,22.579216
199700,12.314225,16.833485,12.223233,12.647861,9.8877764,12.101911,23.991507
199800,9.1091089,15.595595,11.771771,14.894895,11.071071,14.534534,23.023024
199900,11.511585,13.350496,15.336521,10.555351,9.6358957,10.555351,29.0548
201110,7.1132855,16.597666,10.161837,15.807302,10.048927,11.29093,28.980053
201120,13.074713,15.229885,17.480843,12.308429,7.8544064,9.7701149,24.281609
201200,10.075188,19.586466,13.796992,9.5112782,12.030075,7.0300751,27.969925
201301,9.7066832,11.248866,19.02026,14.151799,11.097672,11.037194,23.737526
201302,4.5180721,22.289156,13.554217,14.156627,14.156627,19.961664,11.363636
201401,10.669007,18.100254,14.199337,13.048567,7.0021453,9.693778,27.286913
201402,12.358832,11.101641,16.066483,10.164074,13.552099,18.580866,18.176006
201501,14.502405,13.411025,13.743988,15.427303,9.7114315,11.320755,21.883093
201503,7.5799088,16.925419,13.089802,11.841704,9.7716894,11.293759,29.497717
201504,15.117416,13.013699,13.209394,14.530333,12.915852,10.469667,20.743639
201601,5.8482141,20.848215,8.0803576,15.133928,12.5,15.580358,22.008928
201602,13.666093,14.182444,17.590361,12.977625,10.877797,10.223752,20.481928
201700,28.656666,17.78043,12.018412,11.012615,8.7282648,6.3757243,15.42789
203100,16.74131,12.390701,11.942845,12.689273,6.0993814,9.1703987,30.966091
203200,11.23872,16.570959,15.730106,11.300246,8.0188675,8.9212465,28.219852
203300,11.360382,14.463007,3.293556,10.310263,5.1073985,9.928401,45.536991
203500,14.732142,14.572704,12.78699,13.903061,8.6096935,10.905612,24.489796
203600,10.630408,14.194479,14.627111,14.029666,7.3959622,8.6526575,30.469715
203710,12.406015,12.897629,14.835165,10.323887,10.844419,7.2585311,31.434355
203720,11.959411,16.356607,13.868084,12.829185,9.205122,8.5527906,27.2288
203800,11.696022,12.151197,17.019592,10.58777,8.4900055,9.2222443,30.833168
203900,9.1055861,19.599613,14.013561,8.6858253,9.5253468,8.7504034,30.319664
204110,13.158735,12.679655,10.124561,13.478122,9.8371124,12.456084,28.26573
