Area,American_Indian_Or_Native,Asian,Black,Hispanic,Other_Race,Two_or_More_Races,White
101110,0,7.5663352,1.2852404,33.706467,0,1.7620232,55.679935
101122,0.303859,9.480401,0.45578852,12.397448,0.42540261,1.7016104,75.235489
101210,0,1.4790888,3.349201,48.775925,0,4.6922817,41.703503
101220,0,14.024811,2.0675397,25.913164,0.51688492,3.5837355,53.893867
101300,0,8.9342403,0.88435376,10.385488,0,0.9297052,78.866211
101400,0.41372597,5.9625211,0.85178876,24.312485,1.7279143,4.6970067,62.034557
102103,0,3.4594595,0,21.081081,0,0.5945946,74.864868
102104,0,14.306233,1.6949153,13.932778,0.14363688,0.63200229,69.290436
102105,0.25746652,5.3038106,2.7291453,66.83831,0.61791968,1.8022658,22.451082
102107,0.6103764,16.505594,1.3987793,25.686674,0,0.76297051,55.035606
103101,0.50035739,8.7205143,0.32165831,26.983561,0,0.50035739,62.973553
103102,0.18499486,15.292909,0.69886947,25.056526,0.4110997,1.9527235,56.402878
103200,0,8.8426733,4.064137,39.879345,0.46039054,0.68264806,46.070805
103300,0,3.9781353,0.27330703,15.153356,1.153963,3.4315214,76.00972
103400,3.40943218,7.7801142,4.3406429,21.778313,0,3.0039051,59.687595
104103,0.39810898,8.8579245,12.515552,71.933319,0.14929087,0.77133614,5.3744712
104105,0,6.7306046,5.4975166,80.133583,0,0.15413599,7.484158
104108,0,4.6166363,12.161887,78.543831,0,0.34573928,4.3319097
104124,0.7202602,4.3680296,8.4804831,53.438663,0.27881041,2.6951673,30.018587
104201,0,0,12.728018,87.12851,0,0,0.14347202
104203,0,5.1574149,4.8467274,88.276718,1.0770506,0.16570008,0.47638774
104204,0.26690391,5.5160141,6.3167262,73.991699,0,2.3428233,11.565836
104310,0.32958511,0,5.0407133,93.175652,0,0.50407135,0.94998062
104320,0,1.6914114,4.4728436,89.889122,0,1.0524337,2.8941929
104401,0,0,0,98.624596,0,0,1.3754045
104403,0,0.85645771,0.3768414,94.655701,0,0,4.1109967
104404,0,0.79451066,5.7060308,90.249184,0,1.9862766,1.2639942
104500,0,0.196915,0,98.982605,0,0,0.82047915
104610,0,0,0,98.64106,0,0.14771049,1.211226
104620,0,0.55523086,0,98.421974,0,0,1.0227937
104701,0,0,5.2873564,93.58876,0,0.91954023,0.20434228
104703,0.74922872,0,2.9087703,93.873955,0,0,2.4680476
104704,0,5.4291506,10.723136,78.553726,0,0.36044154,4.9335437
104810,0,1.3625388,0.20696792,94.843048,0,0,3.5874438
104821,0,3.0459945,3.4724338,87.572342,0.63965887,0.12183978,5.1477308
104822,0,8.0870914,1.6718507,87.402802,0,0.5443235,2.2939346
106010,0.63523906,6.0514879,2.2734871,69.541962,0.46807086,3.9451687,17.084587
106020,0.66889632,2.7552159,1.0670489,81.860168,0,0.35037425,13.298296
106111,2.4294019,5.6478405,1.6403655,65.033226,0,3.2599669,21.989202
106112,0,9.9350977,0.81544352,71.29306,0.53253454,1.4478283,15.976036
106113,0,8.9146166,2.2865412,74.529671,0.11577424,0,14.1534
106114,0,3.4255822,5.7711778,84.542694,0,0.10124873,6.1592979
106403,0.056290459,2.8708134,0.056290459,88.657471,0,0.39403322,7.9650998
106405,0.39215687,2.640523,4.7843137,76.470589,0,0,15.712419
106406,2.2747953,8.9353962,2.5841675,65.404915,0.16378526,0.61874431,20.018198
106407,0,4.6350741,9.8235903,64.856453,0,0.48426151,20.200623
106408,0.20470829,4.7082906,2.0470829,90.32753,0,0,2.7123849
106510,0,5.7270432,4.4263248,69.403999,0,1.6889924,18.753639
106520,0,0.37237644,0.40622884,86.882195,0,0.91401488,11.425186
106603,0,19.103193,3.409091,16.492628,0,6.0503688,54.944717
106604,0.927123777,4.3984475,0,83.742996,0,0,10.931436
106641,0,20.18648,0.27972028,10.769231,0.37296036,5.4545455,62.937061
106642,0,8.6791353,2.7177088,24.605494,0,11.630626,52.367039
106643,1.3675573,17.231222,6.6273932,10.014728,0,9.1521149,55.606983
106645,0,10.095866,1.9472739,10.065907,0,3.5650089,74.325943
106646,0,17.538628,2.981838,32.149635,0,0.3252914,47.004608
106648,1.8027041,0.47571358,0,95.217827,0,0.12518778,2.3785679
106649,0.30109146,23.447496,1.0538201,59.992474,0.48927361,1.919458,12.796387
107010,0.28883183,2.0539153,0,93.421051,0,0.16046213,4.075738
107020,0,7.0282936,0.63074428,87.565331,0.48657414,0.16219139,4.1268697
108101,0,21.604681,1.8804847,14.584204,0,1.0865023,60.844128
108102,0.18888289,27.441986,3.103076,11.063141,1.4570966,3.3998921,53.345924
108103,0,25.854248,0.39310554,10.886,0,1.6631387,61.203506
108104,0,25.531916,1.266464,7.497467,0,1.7223911,63.981762
108201,0.20526856,44.25248,6.2264795,6.7738624,0.22237428,4.6869655,37.632568
108202,2.2242534,42.245583,2.6203535,12.248629,0.60938454,2.833638,37.218159
109100,0,13.663891,0,60.181679,0,0.26495078,25.889477
109200,2.6759531,17.192081,0.69648093,35.190617,0,3.2258065,41.019062
109300,0,13.504916,8.3863506,46.529785,0,2.9207635,28.658184
109400,0.55685812,1.0550996,3.5756154,77.696365,0,3.1946073,13.921453
109500,0,1.9842117,1.365479,91.188393,0,0.7254107,4.736505
109601,0.34170854,10.552764,2.5527637,70.39196,1.7688442,0.40201005,13.98995
109603,0,11.07633,1.3002648,65.254036,0,0.62605345,21.743319
109604,0.77569491,9.5022621,1.4221073,68.228828,0,0.80801553,19.26309
109700,0.5946061,17.816946,4.3533659,46.846466,0,0.84943724,29.539181
109800,0.11625654,9.6105404,2.1507459,58.050766,1.9569851,1.7050959,26.409611
111100,0,14.877823,5.9696875,38.137951,0,1.2063099,39.808228
111201,0,13.463242,1.0628875,32.181873,0,2.9524653,50.339535
111202,0,18.087578,2.6630921,29.204647,0,3.3958893,46.648792
111204,0,21.508335,3.6737337,15.39084,0.17802234,2.1039002,57.145168
111205,1.8546365,29.699247,14.586466,24.235588,0,1.2030075,28.421053
111206,1.01116494,22.203497,1.0532968,21.761112,0,3.2862861,50.684643
111301,0,18.166939,7.9692812,36.774517,0.54135716,2.3920434,34.155861
111302,0.46966732,19.647749,5.3228965,22.563601,0,1.7221135,50.273972
111400,0,17.946749,6.0163851,35.522274,0,5.8243728,34.69022
113101,0.28608581,17.009102,1.2223667,16.671001,0,1.3784136,63.433029
113102,0.39787799,13.229443,1.657825,14.124668,0,5.3713527,65.218834
113211,0.28161803,20.148489,2.764977,14.388121,0,2.5857656,59.831028
113212,0,22.21546,3.5301278,23.341448,0.24345709,1.5520389,49.11747
113213,0,14.806958,3.1607976,30.398811,3.7759864,2.9274502,44.929996
113231,0,16.5625,5.4464288,14.107142,0,2.0535715,61.830357
113232,0.6361044,16.297434,0.94318932,18.337355,0,7.084887,56.701031
113233,0.48463207,11.031756,1.3008544,67.172554,0,0.54839945,19.461803
113234,0.69249082,18.091322,5.9943733,48.539276,1.1036572,0.64921016,24.929668
113235,1.9710145,5.7971015,5.0434785,23.47826,0,1.2753624,62.434784
113237,0,17.018723,4.1286607,25.420067,0.72011524,4.0566492,48.655785
113301,0.127064802,13.172384,3.8542991,22.490471,0.55061412,1.5671326,58.238033
113303,0,17.522587,2.211127,30.765574,0,3.6614361,45.839275
113321,0.42712227,23.420538,7.2788754,31.268909,0,5.3924184,32.212139
113322,0,18.597561,1.9054878,18.800814,1.2703252,1.9308943,57.494919
113401,0,14.831341,3.5695164,44.27985,0,2.1595573,35.159737
113421,0.27512309,11.699971,4.6626124,58.746017,0,2.1865046,22.429771
113422,0.32840723,21.659948,3.851321,47.828033,0,3.2691445,23.063145
115101,0.11585248,11.565939,4.8658042,19.521143,0,5.638154,58.293106
115103,0.61601645,18.421825,12.848343,32.531532,0.14667058,3.3734233,32.062187
115104,0,21.207216,15.286772,30.411655,0,3.2608695,29.833488
115201,0,14.987273,5.6894746,31.75625,0,4.7462196,42.820782
115202,0,18.114035,6.5789475,28.399122,0,1.7105263,45.197369
115301,0.024319066,19.2607,5.496109,21.814203,0,1.9941634,51.410507
115302,0,7.5198188,5.7531142,73.771233,0,1.3137033,11.642129
115401,0,8.0895872,7.1034598,43.606888,0.83570117,3.0252383,37.339127
115403,0,11.285714,6.7714286,56.200001,0,3.3714285,22.371429
115404,0.86177182,13.374699,6.1702862,52.119957,0.34470871,2.4474318,24.681145
117101,0,37.86657,2.7492669,49.138561,0,3.1158357,7.1297655
117102,0,11.468885,0.57887119,61.251808,0,1.2662808,25.434153
117201,0.21482277,12.717508,2.0408163,67.3899,0,0.27926961,17.357679
117202,0,29.339853,3.99348,36.430317,0,2.0782397,28.15811
117301,0,16.052565,6.3643389,31.795929,0.46379799,2.5766554,42.746716
117302,0.2173913,18.418972,4.6837945,23.695652,2.8458498,1.7786561,48.359684
117303,0,13.103262,5.5810189,45.969265,0,0.72795904,34.618496
117404,0,11.222301,3.0497975,48.86824,0,2.9544914,33.90517
117405,0,2.4358304,0.28810894,92.875854,0,0.65479308,3.7454164
117407,0.31788081,2.5695364,0.7682119,94.728477,0,0,1.6158941
117408,0,2.851711,10.107731,82.19265,0,0,4.847909
117510,0,3.0648429,2.2796352,89.108406,0,1.6464032,3.9007092
117520,0,4.8153691,4.7904191,86.701599,0,0.3992016,3.2934132
117530,0.96648479,12.330476,2.5253313,78.207329,0.18706158,1.1535463,4.6297741
119001,0,16.721643,0.050748542,69.67775,0,3.0702868,10.479573
119002,0.65359479,7.8573461,0.72463769,83.06337,0,0.55413473,7.1469169
119201,0,6.4548664,0.050428644,88.073624,0.30257186,0,5.1185074
119202,0.18120046,8.1540203,2.3556058,80.634201,0,0.70215178,7.9728198
119310,0.28372452,13.154501,2.4245551,69.074028,0,0,15.063193
119320,0,17.774567,4.5004129,73.472336,0,0.80511975,3.4475639
119340,0,1.8602179,0.42519265,96.199844,0,0.58463991,0.93010896
119341,0,27.791742,1.5439856,57.055656,0,3.4829443,10.125673
119342,0,13.938693,1.6483517,82.62001,0,0,1.792944
119400,0,7.892818,0.25519505,85.36274,0,0.60153115,5.8877144
119700,0,27.482195,1.2777545,45.517387,0.14662756,1.4662757,24.10976
119800,0.3241241,11.020219,0.41673097,80.598854,0,1.1575861,6.482482
119900,0.23032629,17.581573,0.19193858,70.249519,0.23032629,1.1516315,10.364683
120010,0,11.832198,2.9042668,72.929367,0,0,12.33417
120020,0,18.622978,0.60141021,77.270844,0,0,3.5047698
120030,0,5.3946848,4.6806822,87.941292,0,0,1.9833399
120103,0.18359853,0.64259487,2.8763771,94.951042,0,0,1.3463892
120104,0.59612519,15.797318,5.2533531,70.193741,0,0.96870345,7.1907601
120105,0,20.467033,1.4423077,70.467033,0,0.61813188,7.0054946
120106,0,12.86475,2.1086261,82.087326,0,0.74547392,2.1938231
120107,0,4.2202778,4.9665465,87.931038,0,0.38600102,2.49614
120108,0.69629323,5.8775344,2.3551095,84.783943,0.16383371,0.18431292,5.938972
120300,0.9112024,17.40218,0.41093442,59.978561,0,2.6442738,18.652849
120400,0,22.176329,2.3500926,58.980202,0.099700898,1.4955134,14.898163
121010,0,14.762516,0.59905863,57.830551,0,0.85579801,25.952076
121020,0,12.192513,0.82887703,57.754009,1.3636364,0.34759358,27.513369
121101,0.41243654,11.675127,2.0304568,61.040607,0.98350257,0.76142132,23.096447
121102,0,5.3297548,0,58.588959,0.2684049,0.19171779,35.621166
121210,0,13.839425,2.3430178,71.290222,0,2.3117776,10.215558
121221,0,4.3402777,1.0416666,84.93924,0,0.2170139,9.4618053
121222,0,4.5551462,3.4890482,86.993607,0.21321961,0,4.7489824
121600,0,21.348734,4.2846498,33.383011,0,1.2295082,39.754097
121801,0,10.418549,5.5404997,65.853661,0.51189399,0.45167118,17.223728
121802,0.200745636,9.8652134,5.4201317,59.478062,0,1.5486091,23.487238
121900,0,4.6478872,2.5117371,78.075119,0,0.11737089,14.647887
122000,2.1844661,7.2977347,2.2330098,45.857605,0,0.64724916,41.779934
122120,0.1462905,3.7617555,1.0449321,84.6604,0,0.37617555,10.010449
122121,0.5387931,9.8419542,1.9396552,79.022987,0,0.93390805,7.7227011
122122,0,0,2.3976851,85.985947,0,0,11.61637
122200,0.14371258,6.3233533,0.21556886,81.724548,0,3.2335329,8.3592815
122410,0,3.1404102,3.6335323,79.159096,0,1.3755515,12.691409
122420,0,4.7188106,2.0038786,81.771172,0,0.32320622,11.182935
123010,0,0.99192619,2.8143022,84.01384,0,1.9146482,10.265283
123020,0,7.6295047,0.59121621,84.318695,0,0.56306309,6.8975224
123103,0.73338068,7.6413531,4.0690799,59.900639,0.4021765,2.4603739,24.792997
123104,0.16151361,6.8758655,1.7535764,73.373329,0.92293495,0.64605445,16.266727
123203,0,0.59475535,7.9751287,77.264122,0.18924034,0.21627466,13.760476
123204,0,4.7223048,2.3166022,74.636177,0,0.77220076,17.552717
123205,0.51584375,3.1319087,5.6005898,76.602798,0,0,14.148858
123206,0,3.3379693,1.0431155,85.048676,0,0.17385258,10.396384
123301,0.40008891,19.182041,8.2907314,40.297844,0.1778173,2.6005778,29.0509
123303,0.18371096,10.440907,1.4084507,53.704838,0.64298838,0.30618495,33.31292
123304,0,6.1832738,2.8692172,43.683273,0,0,47.264236
123410,1.1151515,4.2666669,3.5878787,56.412121,0,0.969697,33.648483
123420,0,6.7961164,1.3176144,55.709663,0,1.571891,34.604717
123510,0.73955625,7.6753945,3.2980211,48.95063,0,1.7189686,37.617428
123520,0,2.96,9.8400002,45.720001,1.16,6.1999998,34.119999
123601,0,2.5037651,2.4284639,38.685993,0.48945785,0.73418677,55.158131
123602,0,3.5146444,7.4755926,34.170155,0.055788007,1.7294282,53.054394
123700,0.48374093,5.6705189,4.3267937,11.260414,0,8.8954582,69.363075
123800,0,5.0723343,14.53831,24.111448,0,1.5717093,54.706196
123901,0.18488561,4.5759187,2.8426161,55.119019,0,0.36977121,36.907787
123902,0.44101432,15.619258,3.3076074,27.563396,0.25725836,0.95553106,51.855934
124000,0.74612212,3.4949932,3.789515,16.237974,1.236992,6.6169252,67.87748
124102,0,4.3269229,13.942307,45.272434,0.93482906,1.9764957,33.547009
124103,0.31774852,10.077168,3.4044485,75.805717,0,0.40853381,9.9863825
124104,0.18335167,6.5639896,6.4173083,59.295929,0,1.4668133,26.072607
124105,0,3.6748331,4.4172235,60.541946,0,0.55679286,30.809206
124201,0,5.5519896,2.7278562,59.884468,0,1.7971759,30.038511
124203,0,1.8195322,6.126996,70.961754,1.0768659,0.8169328,19.19792
124204,2.8414595,9.3316116,4.5850825,51.921215,3.3903778,2.8414595,25.088795
124300,0,4.1179595,2.2582359,69.155151,0.58448458,0.77045697,23.113708
124400,0,4.730679,4.4496489,19.531616,0.25761124,1.4754099,69.555038
124500,0,6.6541705,4.1237111,27.710091,0.21868166,2.2805374,59.01281
124600,0,9.6274214,4.8286142,11.47541,0.47690016,5.5737705,68.017883
124700,0,6.7357512,4.543643,14.64727,0,3.3280191,70.745316
124902,0,7.2168393,7.8516541,30.704979,0,2.7397261,51.486801
124903,0,2.0865774,7.1940207,24.727499,0,1.7751479,64.216751
125100,0.62000328,6.2816119,10.017947,24.898026,0.24473813,3.932126,54.005547
125200,0,8.0988693,2.8135684,36.181961,0.2629503,7.2837234,45.358929
125310,0,7.6844053,11.341689,38.976784,0,6.2666941,35.730431
125320,0,9.494585,6.732852,32.509026,0.36101082,1.4981949,49.404331
125401,0,12.871287,17.847837,27.384054,0,0.9640438,40.932777
125402,0.17369728,6.9230771,7.9652605,25.459057,0.54590571,4.243176,54.689827
125501,0.060938451,5.6672759,6.0938454,33.211456,0,3.9000609,51.066422
125502,0,4.6570702,10.838273,23.398251,0,4.6852951,56.421112
125600,0,9.6097355,3.2312212,11.959715,1.2169534,2.5178347,71.464539
127102,0,6.0553298,1.8185335,61.578644,0.36757594,0.92861289,29.251307
127103,0,6.551002,2.2135806,67.574036,2.1836674,3.5895901,17.888124
127104,0,7.9123712,5.0773196,57.860825,0,1.0567011,28.092783
127210,0,11.096053,7.7079453,59.850922,0.40657294,0.47433507,20.46417
127220,0,6.7814627,3.847789,71.981293,0,2.7636054,14.625851
127300,0.21824531,11.392406,11.305107,43.692711,0.28371891,6.1326933,26.975121
127400,0.34499753,4.1235418,4.5178246,72.203056,0,2.1521275,16.658453
127520,0.93245965,10.00504,3.4778225,79.939514,0.12600806,2.8225806,2.6965725
127603,0.03309067,5.7577763,2.8127067,79.351425,0,0,12.045003
127604,0,11.86197,13.084112,48.418404,0,0.68296188,25.952553
127605,0,9.8058252,5.1699028,73.422333,2.0873787,0,9.5145636
127606,0.31307071,9.2616749,4.0699191,64.049049,0.62614143,0.49569526,21.18445
127711,0,7.7067165,4.201231,55.632862,0,0.42815092,32.03104
127712,0.48560527,3.9195282,2.254596,62.955254,0,0,30.385015
127803,1.26456732,7.2898588,2.206794,62.856434,0,3.9176791,22.464666
127804,0.21665864,8.3293209,6.1386614,51.227734,0,2.8165624,31.271065
127805,0,15.980114,3.125,62.71307,0,1.1126894,17.069128
127806,0,4.5299411,5.4607511,64.443062,1.4582686,0.89978284,23.208191
127910,0,9.6528864,6.6692667,61.349453,0.44851795,0.56552261,21.314352
127920,0.82232744,2.5915773,1.3705457,57.33865,0,1.844007,36.032894
128101,0,5.4062219,3.8356991,48.44458,1.7215343,0.60404712,39.987919
128102,0,6.262063,7.0340981,67.274284,2.1659875,0.27879047,16.984774
128210,0,2.5114574,6.2144823,84.436295,0,0.3483043,6.489459
128220,0.72815531,6.5533981,7.524272,47.018032,0.38141471,0,37.794731
128302,0,1.384083,4.3252597,77.20108,0.21145713,1.1534026,15.724721
128303,0,3.2615025,6.0861969,81.828773,0,0,8.8235292
128400,0.45443675,11.073906,1.8895001,29.203539,0,3.6115761,53.76704
128500,0,7.5607562,6.5031505,24.50495,0,2.4077408,59.023403
128601,0,5.645514,3.5667396,50.175056,0,3.238512,37.37418
128602,0,3.898196,4.0592785,14.626288,0,4.8324742,72.583763
128702,0.23854148,9.5586987,7.6844435,12.966434,0,5.7079573,63.843925
128801,0,13.707729,6.1896133,18.719807,0,4.0157003,57.367149
128802,0,8.2879868,1.9464211,19.066555,0,3.7463374,66.952698
128910,0.34221461,7.0642877,7.235395,6.4043021,0.34221461,5.2554388,73.356148
131010,0,17.24794,1.4743184,58.861763,0,2.4096386,20.006342
131020,0,12.568889,2.008889,63.982224,0.46222222,2.1688888,18.808889
131100,0,11.401978,2.0651541,35.89296,0.34904015,5.5555553,44.73531
131200,1.0362694,16.806995,5.3432641,38.92487,0.22668394,2.1373057,35.524612
131300,0.91222383,12.690046,0.66896415,57.87553,0,0.40543279,27.4478
131400,0,17.548346,8.0230141,44.030685,0,2.5571361,27.840818
131600,0,14.66116,1.2765158,51.473625,0.13140604,2.4028535,30.05444
131701,1.3410819,23.804201,6.2360306,34.935181,1.0952168,3.5985696,28.989717
131702,0,9.7867689,9.6774197,52.487698,0.21869874,2.3783488,25.451067
131800,0,4.4521737,4.6782608,62.608696,0,1.7391304,26.52174
131900,0,8.6485338,2.2311943,51.912453,0,3.6336591,33.574162
132001,0,11.743341,2.4515738,31.355932,0,0.51452786,53.934624
132002,0.79039812,3.6299765,2.0784543,38.612411,0.20491803,3.0152225,51.668617
132101,0.33791393,9.9571972,5.5643163,50.078846,4.3252983,0.40549675,29.330931
132102,0.074404761,15.606399,2.8087797,43.973213,0.50223213,2.6971726,34.337799
132300,2.0162382,10.094723,1.5426252,59.905277,1.0013531,1.2990527,24.14073
132501,0,11.815279,2.456399,50.159664,0,0.7369197,34.831738
132502,0,10.870113,5.7503152,45.674652,0,4.2370744,33.467842
132700,0,6.0991106,0.018152114,59.793064,0,0.36304229,33.726627
132900,0,5.1693406,1.1713777,29.055258,0,3.3358798,61.268143
133000,0,9.3295727,3.4063787,54.979389,0.36884356,2.2998481,29.615969
133100,0,8.3189802,2.1701689,41.129868,0.15501206,1.1712022,47.054771
134001,0,5.4300938,2.2329359,84.927681,0,1.2940878,6.1151991
134002,0.3125,13.149038,2.5961537,61.73077,0,2.1875,20.024038
134101,0.69787234,24.459574,3.7106383,45.19149,2.1276596,2.9787233,20.834044
134103,1.0089686,14.035874,6.4125562,50.964127,0,0.53811657,27.040359
134104,0,31.628468,7.21351,36.670689,0.50663447,3.9324486,20.04825
134201,1.3217976,12.761355,1.297765,49.411198,0.43258831,2.667628,32.107666
134302,0,12.714064,2.2314479,22.885313,0,3.9699013,58.199272
134303,0.016520733,6.4596066,3.4693542,49.215263,0.1486866,1.4538245,39.236744
134304,0,20.776634,4.1154995,32.857616,0,1.2943909,40.955856
134305,0.21848372,8.4553204,0.72099626,82.761635,0,0.28402883,7.5595369
134306,0,20.512821,4.8008728,34.151665,1.6912166,0.95471907,37.888706
134421,1.4634147,9.1327915,1.3550136,9.5934963,0.32520324,4.9593496,73.170731
134422,0,16.182655,3.2645705,10.354496,0,3.7652714,66.433006
134423,0.59206632,11.722913,6.8975725,10.98283,0,6.0094728,63.795147
134424,0,17.651377,3.6697247,6.3486238,0.25688073,1.9816514,70.091743
134520,0,7.5919118,4.2647057,76.893379,0,1.4338236,9.8161764
134521,0,7.352941,3.2026143,84.967323,0,0.52287585,3.9542484
134522,1.013777,7.8242788,1.8715882,73.667793,0.62386274,1.3517026,13.646997
134710,0,7.8608465,2.3080783,76.501083,0.40140492,0.21742766,12.711156
134720,0,18.625231,3.0253139,49.125336,0,3.766207,25.457912
134800,0.12484395,11.548065,3.8077402,55.586765,0,1.3732834,27.559301
134901,0,2.1597633,5.4733729,30.739645,0.38461539,1.0355029,60.2071
134903,0.70181447,17.853476,7.8226633,47.535091,0,2.3793221,23.707634
134904,1.0465612,7.2618537,4.6134129,55.083298,0,4.4852629,27.509611
134905,0,12.32364,4.4630003,15.174201,0,4.3190327,63.720127
135102,0,17.778849,2.6017828,13.635268,0,2.2163334,63.767765
135111,0,19.17366,7.5855389,20.271143,0,1.8076178,51.162041
135113,0.32992411,22.566809,9.4028378,9.4028378,1.3526889,9.237875,47.707027
135114,1.4609358,31.780647,3.5782342,10.057167,0,3.3665044,49.756512
135201,2.33560914,12.971613,5.1742725,14.911965,0.21559468,1.9403521,62.450592
135202,0.56967574,13.38738,0.65731812,13.978966,2.8702893,3.155127,65.381241
135203,0.8883422,11.247779,3.9223726,18.778189,0,3.3893673,61.773952
137000,0,5.1073589,3.3562644,7.4213052,0.56285179,2.8976443,80.654579
137103,0,15.853403,4.3769631,15.685863,0,1.3821989,62.701572
137104,0,4.004178,6.3370476,9.1922007,0.20891365,7.0682449,73.189415
137201,0,13.437179,6.1793904,18.829168,0,7.0010271,54.553234
137301,0,17.574692,1.6256591,11.247803,0,4.217926,65.333916
137302,0.24336283,8.5840712,2.1681416,5.4203539,0,3.1858406,80.398232
137401,0.91178483,11.853203,6.7016182,9.6421242,0,5.1287894,65.762482
137402,0,5.2548609,8.0049047,15.659485,0,4.2739534,66.806793
137501,0.39389464,11.546037,3.5942886,20.162481,0.1723289,2.0679469,62.063023
137502,0.17002672,3.1819286,6.5824628,16.492592,0,4.1049309,69.468056
137504,0,2.2693636,1.0360138,2.5653675,0,1.8253577,92.303894
138000,0.14780405,6.5033784,3.2516892,8.1925678,0.23226352,1.4569256,80.21537
139001,0,9.6334009,2.5661914,20.773932,0,4.6435847,62.382893
139200,0.89349538,8.8992138,2.6626163,28.8599,0,1.161544,57.523232
139301,0,5.9771523,1.7543859,14.116687,0,4.1003671,74.051407
139302,0,8.5940847,8.9155598,32.42606,0,6.4294901,43.634804
139303,0,7.7740111,6.5762711,29.604519,0,3.141243,52.903954
139401,0,5.6135769,3.9164491,43.276764,2.5130548,4.2754569,40.404701
139402,0,3.0619345,4.9756436,6.750174,2.0876827,2.1920669,80.932495
139502,0,11.330698,0.16469038,12.15415,0.36231884,3.5902503,72.397888
139503,0,8.7749481,7.794219,8.4652443,0,8.5856848,66.379906
139504,0,2.3222883,2.7470973,8.8360233,0.33984706,7.0801473,78.674599
139600,0,2.2001727,4.4866266,7.2691975,0,2.1138914,83.930115
139701,0.38213998,6.5768304,0.9654063,4.3443284,0.28157684,1.5888978,85.860817
139702,0,3.8594756,3.7605145,3.8264885,0,1.5174006,87.036118
139703,0.32444125,6.3446288,0.57678443,4.3619323,0,6.741168,81.651047
139801,0,7.4592075,0.99067599,7.2843823,0,2.0104895,82.255241
139802,0,7.4730353,0,5.7524395,0.5392912,5.8038006,80.431435
141101,0,9.045331,5.2433677,14.038019,0,2.4023397,69.270943
141102,0,8.4751415,8.4417753,8.942276,0,3.5702369,70.570572
141201,0,9.2734222,2.8680689,24.378586,0.64531547,4.8518167,57.982792
141202,0,3.5664337,1.7832168,8.3566437,0,4.090909,82.202797
141302,0,11.608855,6.6411018,11.521701,0.15687642,1.7430713,68.328392
141303,0.59974748,7.4179292,1.7045455,6.8813133,0.88383836,5.965909,76.546715
141304,0,6.2020264,4.6975746,9.6407738,0,8.566165,70.893463
141400,0,8.1844254,3.419369,5.1621442,0,0.28678578,82.947273
141500,0,6.5282893,1.0378306,7.9678607,0.4686977,0.56913292,83.428192
141600,0.93795091,6.2289562,3.4151034,5.964406,0,3.1505532,80.303032
141700,0.96680632,7.1865935,2.0302932,4.8984852,0,4.769578,80.148247
143100,0.86837292,5.1416817,5.621572,11.768739,0,3.6334553,72.966179
143200,0,5.6148372,7.7997966,18.343496,0,6.2245936,62.017277
143300,0,5.9287381,11.200351,15.610397,0,1.7961448,65.464371
143400,0.87173098,3.2534246,3.9227896,10.849937,0,6.0865502,75.015564
143500,1.1469839,4.6304164,11.321156,10.662702,0,1.5717927,70.666946
143602,0,4.4406853,4.5464158,10.213575,0.40177628,6.9782195,73.419327
143603,0.31152648,8.8117495,5.2514462,11.748999,0,4.2278595,69.648422
143604,1.54880186,15.312683,7.1011105,11.893629,0.46756282,4.0035067,59.672707
143700,0,10.03861,4.4125757,4.1643686,1.1858797,4.6883616,75.510201
143800,0,9.3268013,1.5605153,14.153511,0,1.8145527,73.144623
143901,0,8.5295534,0.40845746,5.1898127,0,2.0663142,83.805862
143902,0.43290045,6.9264069,0.83250082,7.4259076,0.19980019,2.8305027,81.351982
181000,0,21.726433,1.0060036,34.139217,0,2.3852019,40.743145
181300,0,26.140127,0.84076434,36.713375,0,1.3757962,34.929935
181400,0.19484738,27.776575,1.4288807,42.108681,0.8443386,1.558779,26.087898
181500,0.33487892,18.031942,0,48.918083,0,2.1895931,30.525503
181600,0,23.76943,1.4464594,40.889465,0,4.2530227,29.641623
183101,0,9.9646063,1.7152191,68.282059,0.40838552,3.1581814,16.47155
183103,0,11.269196,4.8328815,72.448059,0,2.6874435,8.7624207
183104,1.62229618,22.795341,0.70715475,53.452579,0,1.6638935,19.758736
183220,1.209406469,16.170214,0.94064951,70.839867,0,1.9260918,8.9137735
183221,0.28462997,4.8070841,0.34788108,67.235924,0.79063886,2.5616698,23.97217
183222,0,15.953757,4.6242776,49.710983,0,1.7919075,27.919075
183300,0,23.803864,0.77265972,61.099556,0,0.29717681,14.026746
183401,0,16.666666,1.2345679,66.872429,0,0.94650203,14.279836
183402,0.39267015,26.636126,0.19633508,48.920158,0,2.4541886,21.400524
183510,0.19833399,6.545022,0.47600159,76.87426,0,0.35700119,15.549385
183520,0,5.9517565,4.1688514,77.530151,0,1.2323021,11.116938
183610,0.39886039,6.0683761,0.8262108,81.709404,0.17094018,1.1396011,9.6866093
183620,0.5714286,7.2481203,1.2330827,74.466164,0.39097744,1.6842105,14.406015
183701,0.70717652,3.9549503,4.9502358,82.922997,0.36668414,0.26191723,6.83604
183702,0,14.729397,3.6285362,63.868389,0,2.7367773,15.036901
183810,0,7.483963,0.83155143,82.323593,0,0.28510335,9.0757904
183820,0.52499998,4.4250002,1.65,89.574997,0,0.47499999,3.3499999
185100,0.26348418,12.972722,2.3558586,51.193428,0,1.2399256,31.974581
185202,0,5.3842387,4.7479196,67.229561,0,0,22.638277
185203,0,8.6004934,0.49321824,83.816277,0,0.21578299,6.8742294
185204,0.528262023,28.790279,2.9582672,37.506603,0,4.2260962,25.990492
185310,0.12464942,5.2041135,1.8697413,85.665314,0,0,7.1361794
185320,0,6.0940843,0.035637919,89.415535,0.21382751,0.42765501,3.8132572
186100,0,30.159758,1.4896373,30.980139,1.23057,5.0086355,31.13126
186201,0,41.724873,0.75918615,39.781353,0,1.1235955,16.610992
186202,0.19694732,39.832596,1.1816839,30.871492,0,7.2378139,20.679468
186203,0,17.028494,0.33921301,37.48304,2.1031208,4.3758478,38.670284
186301,0,7.154367,3.3515952,73.28392,0,1.1923945,15.017725
186302,0,20.652857,3.3689055,49.843063,0,2.1971123,23.938063
186401,0,15.975677,0,79.740189,0,0,4.2841349
186403,0,21.214142,1.0006671,69.779854,0,1.400934,6.604403
186404,0.99426389,9.063098,0.458891,80.114723,0,0.65009558,8.7189293
187101,0.2417127,32.562153,1.070442,30.041437,0,0.75966853,35.324585
187102,0.62425685,18.311533,0,57.045185,0,2.7942924,21.224733
187200,0,9.5220985,0.97017604,77.32663,0.43118936,3.1620553,8.5878544
187300,0,19.352793,2.6967006,18.972082,0.31725889,4.5368018,54.124367
188100,0.23929806,9.9973412,2.1536825,59.851105,1.302845,2.7386334,23.717096
188201,0,12.550143,2.1489971,13.03725,0,6.2750716,65.988541
188202,0.34617049,14.885331,0.38944179,11.55344,4.2405887,7.1397662,61.445263
188300,0.83148557,30.099779,0.24944568,33.481152,0,3.575388,31.762749
189101,0,8.8235292,0.43720192,15.540541,0,2.980922,72.217804
189102,0,10.450563,1.8147684,20.901127,0,3.2540677,63.579475
189201,0,4.809741,4.1400304,12.146119,1.0045662,2.891933,75.007614
189202,0,8.6736679,2.2170362,8.1291323,0,2.1392455,78.840919
189300,0,19.40197,1.2232416,6.1162081,0,0.40774721,72.85083
189400,1.224025,6.8317676,5.123826,3.7005408,0.76857388,3.216624,79.134644
189500,0,2.5961058,2.5711434,13.230155,0,5.7663503,75.836243
189600,0.28050491,3.8990183,10.575035,19.102385,0,4.8807855,61.262272
189701,0,8.2506523,3.3420365,11.749348,0.80939949,5.4569192,70.391647
189702,0,6.1417322,2.3097112,6.7716537,0,4.4619422,80.314964
189800,0.72864324,6.9095478,5.8793969,18.643215,0.32663316,5.1005025,62.41206
189902,0,4.1203527,3.1046379,16.960522,4.9060941,3.3537755,67.554619
189903,0,8.8495579,7.591989,9.4550533,0,9.1290169,64.97438
189904,0.039714057,12.351072,5.4011121,5.4408259,0,3.1374106,73.629868
189905,0,9.5020742,5.2697096,9.2116184,0,2.3651452,73.651451
190100,0.9581337,4.6032076,8.7690067,16.684025,0,1.2497396,67.735886
190201,1.2898331,4.0212445,2.6555388,27.769348,0,1.6691958,62.594841
190202,0.32916391,7.4061885,9.6115866,18.828176,2.0737326,3.851218,57.899933
190301,2.596642,5.3104258,4.2561498,25.888325,0.27333072,3.0847325,58.590393
190401,0.55751175,14.700705,2.8169014,16.754694,0,1.4084507,63.761738
190402,0,8.8548317,4.6828437,17.87995,0.42571306,2.1285653,66.028099
190510,0.55248618,17.067877,4.0647197,45.165745,0,1.1838989,31.965273
190520,0,12.591287,3.5255604,42.483002,0.40292117,1.4605893,39.53664
190700,0,4.5045047,3.2432432,44.114113,0,1.951952,46.186188
190801,0,13.316994,7.6797385,42.361111,0,1.1846405,35.457516
190802,0,5.9259257,3.2222223,51.740742,0,3.5185184,35.592594
190901,0.15666965,4.7000895,8.8854074,70.904205,0.067144133,1.656222,13.63026
190902,0,5.8144898,4.9146285,57.706505,0.39224735,4.4070144,26.765114
191000,0,4.4926004,9.2494717,47.56871,0,2.5634251,36.125793
191110,0,8.8959723,4.2016807,29.585627,0.28977108,1.8255578,55.201389
191120,0,11.984282,3.0779307,55.118969,0.15280506,0.54573238,29.120279
191201,0.10584251,11.727349,5.1862826,34.928028,1.2066046,1.9051651,44.940727
191203,0,25.027243,3.632401,43.261894,0,1.3439884,26.734472
191204,0,12.669246,3.7717602,46.083172,1.4023211,1.6441005,34.429401
191301,0,19.600798,4.311377,54.570858,0,3.3532934,18.163673
191302,0,28.648649,2.5363824,44.116425,0,1.7879418,22.910603
191410,0.23636006,15.658854,4.2741776,67.717155,0,2.1666338,9.9468193
191420,0,17.42684,5.431057,62.430794,0,0.44819403,14.263116
191500,0,20.23579,0.86222064,57.856766,1.1789547,0.82702798,19.03924
191610,0,12.780064,2.5148606,66.689529,0.1371742,1.1888431,16.689529
191620,0,12.162162,2.8345418,69.973633,0,1.5491101,13.480554
191710,0,4.9795361,3.3424284,68.929062,0.64802182,0.27285129,21.828104
191720,0,3.7380769,3.6865172,75.225571,0.48981696,0.20623872,16.653776
191810,0.91402459,6.3981719,4.6843758,60.896885,0.37132248,2.3421879,24.39303
191820,0,3.3835969,5.9212947,42.184628,0.2574476,4.8547258,43.398308
191901,0.25553662,4.003407,4.9971609,30.011356,0,3.7478704,56.984669
191902,0,6.5693431,3.2846715,16.755142,0.33178499,1.791639,71.267418
192001,0,6.4372468,6.680162,9.6356277,0.20242915,6.5991902,70.445343
192002,1.5726889,2.8768699,5.6770234,10.701956,0,3.75911,75.412354
192300,0,18.084728,2.2783909,15.16554,1.0323958,2.7055893,60.733356
192410,0,21.180643,5.447175,26.121105,0.17734988,7.7273879,39.34634
192420,0,38.257397,5.6129637,45.091591,0,0.18788163,10.850164
192510,0,37.097652,1.0365521,54.964539,1.3366066,0.2182215,5.3464265
192520,0,13.940371,1.4101532,74.979858,1.6921837,0.16116035,7.816277
192610,0.81368661,9.4512835,4.777801,73.815979,0.47986647,2.169831,8.4915504
192620,0,22.478069,1.3432018,66.036186,0,2.0833333,8.0592108
192700,0.34955633,20.785158,3.06534,63.511696,0,2.0166712,10.271579
194101,0,6.797967,4.1613722,9.6886911,0,1.905972,77.445999
194102,0.31603897,6.0310774,2.4229655,6.0574136,0,3.8188043,81.353699
194200,0,2.440362,3.4548945,5.4565396,2.3581026,4.9904032,81.299698
194300,0,3.8049304,1.0718113,14.255091,0.48231512,3.2154341,77.170418
194401,0,5.3165584,5.1948051,16.517857,0,4.1801949,68.790581
194402,0.6674757,10.800971,1.1225728,7.1298542,1.1225728,2.6092234,76.547333
194500,0,9.8670759,2.1472392,4.0388546,0.20449898,5.7770963,77.965233
195100,0,14.528531,3.358964,13.577499,0,3.9862404,64.548767
195201,0,16.451078,0.76285243,18.242123,0,5.1741295,59.369816
195202,0,7.8016243,2.6102087,10.092808,0,3.7412994,75.754059
195300,0.28947368,16.236841,0.34210527,36.394737,0,2.2631578,44.473682
195400,0,15.02146,2.0555682,18.116106,0,0.47436187,64.332504
195500,0.42665583,14.364079,4.9573345,39.028851,0,1.3002844,39.922794
195600,0,12.177565,0.95980805,60.707859,0,2.2495501,23.905218
195710,0,7.3787627,3.5953178,73.745819,0,1.4423077,13.837792
195720,0.40485829,9.3117409,0.71974808,68.78093,0,0.53981107,20.242914
195802,0.36403349,26.392427,2.3662176,58.354568,0.18201675,2.511831,9.8289042
195803,0.23466308,20.952063,4.4921222,43.747906,0,0.60341936,29.96983
195804,0,15.601966,5.1597052,56.633907,0,0.9009009,21.703522
195901,0,8.7993069,1.3437364,43.346336,0,0.7802341,45.730385
195902,0.8428359,15.220625,1.536936,25.830441,1.4377788,0.64452159,54.486862
195903,0,23.57513,5.6563039,31.735752,0.17271157,3.583765,35.276337
197200,1.31612901,30.580645,0.33548388,59.819355,0,0.25806451,7.6903224
197300,0,17.066938,1.8395504,44.37915,0,1.0986203,35.615738
197410,0,11.782548,1.2832478,31.614559,0,3.0331311,52.286514
197420,0.78102404,13.827018,4.2233152,54.613827,0.34712178,1.3306335,24.877062
197500,3.0025446,12.951653,2.2391858,53.206108,1.8320611,1.2468194,25.521629
197600,0,29.460239,0.20601566,43.881336,0,2.8018129,23.650597
197700,0.58060772,50.512871,3.9094253,30.210955,0,0,14.786143
199000,0,28.367641,0.19862767,63.849766,0,2.5279884,5.0559769
199110,0.63999999,2.0799999,3.8399999,85.919998,0,0,7.52
199120,0,24.598572,0,72.881355,0,0.37912577,2.1409457
199201,0,33.656879,0,63.309875,1.2860956,0,1.7471488
199202,0,9.4252872,0.19704433,80.62397,0,1.4449918,8.3087025
199300,0.81552306,11.023623,2.1934757,64.763779,0.47806525,0.87176603,19.853767
199400,0.39884776,23.886551,0.7090627,70.529579,0,0.55395526,3.922003
199700,1.0615711,15.832575,0.78859568,72.095848,0,0.24264483,9.9787683
199800,0,35.455456,0.020020019,62.942944,0.48048049,0.2002002,0.9009009
199900,0,19.0879,0.99301213,78.374405,0,0.47811696,1.0665686
201110,0,7.2638316,0.18818216,82.386147,0,0.26345503,9.8983812
201120,0,6.7289271,2.8017242,82.902298,0,1.8917625,5.6752872
201200,0,4.7368422,0.2631579,92.81955,0,0,2.1804512
201301,0,10.130027,1.1793166,81.130936,0,0.030238887,7.5294828
201302,0,32.393208,11.555312,29.107338,1.5607886,3.9704273,21.412924
201401,0.66315585,7.5287695,2.8866785,83.518623,0,0.19504583,5.2077236
201402,0,19.347965,1.1719582,71.382912,0,0.14915831,7.9480076
201501,0.20347762,6.8997412,0.18497965,84.998154,0,0.22197558,7.4916759
201503,0,2.7397261,0.060882799,92.237442,0,0.152207,4.809741
201504,0.19569471,10.567514,0.68493152,79.990211,0,0.58708417,7.9745598
201601,0,15.223214,1.1160715,78.4375,0,0,5.2232141
201602,0,12.908778,1.2048193,76.488815,0,0.37865749,9.0189333
201700,0.78418005,12.444596,3.9890897,67.234917,0.10228435,1.5172179,13.927719
203100,0.49050969,3.7108126,0.021326508,94.966942,0,0,0.81040734
203200,0.59474977,0.45118949,0.63576704,97.31337,0,0.20508614,0.79983592
203300,0.38186157,13.937947,13.842483,67.446304,0,1.0501193,3.3412888
203500,0.15943877,15.401786,0.25510204,78.922195,0,0.38265306,4.8788266
203600,0.08240626,1.4833127,0,96.621346,0,0,1.8129377
203710,0,1.792944,1.5615963,95.777908,0,0,0.86755347
203720,0,0.60401064,0.62817103,98.018845,0,0,0.74897319
203800,0,0.69265783,0,96.576294,0.43538493,0.37601426,1.9196517
203900,0,0,0.38747174,97.739746,0,0,1.8727801
204110,0,0.60683489,1.1817311,97.892044,0,0,0.31938678
204120,0,0,0.14571948,98.761383,0,0,1.0928962
204200,0,3.5186281,0,92.90361,0,0,3.5777647
204300,0.4156276,1.8079801,0,95.532005,0,0,2.2443891
204410,0.8666346,1.0592201,0,97.881561,0,0,0.19258545
204420,0,2.268821,2.4407012,91.749741,0,0.58439326,2.9563425
204600,0,0.15109001,1.1007986,96.740776,0,0.41010144,1.5972372
204700,0,1.5432743,0,93.284668,0,0,5.1720543
204810,0,1.0842369,1.2510425,96.371979,0,0,1.2927439
204820,0,0.36794767,0,98.242027,0,0,1.3900245
204910,0,0.13240649,0,95.134064,0,0,4.733532
204920,0,0,0,96.381325,0,0,3.6186771
205110,0,1.1500261,1.855724,95.818085,0,0.10454783,1.0716152
205120,0,2.8892944,0.97323602,94.890511,0,0.18248175,1.0644768
206010,0,33.63953,4.2445359,56.921127,0,1.2670257,3.9277794
206020,0.71249503,2.3354003,34.120598,39.055283,0.672912,1.8999869,21.203325
206031,0.44814339,39.66069,4.1293216,6.6261206,0,7.4263763,41.709347
206032,0.46756282,16.637444,0.70134425,77.089424,0,0,5.1042275
206050,0.26338893,9.174715,2.2827041,81.211586,0,0.043898158,7.023705
206200,0,41.681847,19.00425,23.861567,0,3.1268973,12.32544
206300,1.55966628,1.8135655,51.305767,20.529562,0,3.1918752,21.599566
207101,0,52.279247,4.1122093,21.453619,0,1.2113484,20.943577
207102,2.5011165,79.991066,3.8856633,12.282269,0,0,1.3398839
207103,0.84332001,83.888145,1.8197958,7.4567242,0,0.44385263,5.5481582
207301,0,13.465642,17.797695,18.971405,0.74690568,3.7131882,45.305164
207302,0.87202454,9.9457932,22.295546,14.847985,4.9021916,6.1041718,41.032288
207400,0,4.5408678,16.952574,61.251263,0,2.825429,14.429869
207501,0,47.509399,0.32894737,11.090225,0,2.443609,38.627819
207502,0,59.305111,3.3546326,7.1485624,0,7.3083067,22.883387
207710,0,28.839537,6.6937752,17.203629,0,0.71942449,46.543636
207900,0,39.247894,12.362222,19.170088,0,2.7015345,26.518263
208000,0,19.549812,5.0159788,68.43129,0.29178825,0.69473392,6.0163956
208301,0.85856304,3.2535021,0.27112517,94.215996,0,0,1.4008133
208302,0,10.912384,5.0260358,77.156441,0,1.0187911,5.8863482
208401,0.13627073,20.803997,2.5210085,74.835342,0,0,1.703384
208402,0.52631581,19.263159,0.66666669,70.561401,0,4.7719297,4.2105265
208501,1.1862396,47.60775,0.23724793,47.054173,0,0.079082638,3.8355081
208502,0,17.525774,3.9008081,70.493172,0,0.5293954,7.5508499
208610,0,51.020885,2.839709,39.615112,0.32856137,2.5346162,3.6611123
208620,0.17660044,39.050774,8.4105959,44.304634,0.397351,0.92715234,6.732892
208710,0,56.137516,5.2376556,30.433779,0,0.66912782,7.5219197
208720,0,11.80586,5.5094008,78.006119,0,0,4.6786184
208801,0.21525215,23.031981,5.8425584,63.314884,0,1.1377614,6.4575644
208802,0,25.727362,5.5900621,57.404381,0,0.98071265,10.297482
208902,0,3.8880248,0.23328149,95.295486,0,0,0.58320373
208903,0.69533867,5.8975019,4.1462789,82.101471,0,0.84985834,6.3095546
208904,0,9.2511015,1.3215859,86.205948,0,0.11013216,3.1112335
209102,0.54313767,12.930855,3.6975141,79.423439,0,0.2088991,3.1961563
209103,0.63711912,2.8254848,1.7451524,94.155121,0,0,0.63711911
209104,0,4.3603454,4.7305636,82.640892,0,0,8.2682028
209200,0,28.998779,6.5628815,38.583637,0,0.97680098,24.877899
209300,3.85874645,11.202058,7.7642655,62.324604,0,1.1459308,13.704396
209401,0.097370982,12.877313,9.7127552,70.058426,0.29211295,1.8987342,5.0632911
209402,0,2.6522326,1.5696888,92.422195,0,0,3.3558862
209403,0,20.869324,6.3248816,65.589302,0,0.16717748,7.0493174
209510,0.2238806,23.395523,2.0895522,68.694031,0.48507464,0.74626863,4.3656716
209520,0,13.716295,2.3837438,82.415009,0,0,1.4849551
209810,0,10.241615,6.6714749,71.979805,1.1539849,1.0097368,8.9433823
209820,0.33112583,6.2251654,1.4238411,90.662254,0.62913907,0.1986755,0.52980131
210010,0,17.170868,2.4089637,77.675072,0,0,2.7450981
211000,0.25662959,27.095808,2.0530367,6.8862276,1.5397776,6.1377244,56.030796
211120,2.7058368,56.938538,4.3679938,24.835716,0,0.69578665,10.456127
211121,0.72961372,29.313305,6.6094422,44.592274,0,6.3948498,12.360515
211122,1.1512632,34.441956,2.9101374,43.748001,0,2.2065878,15.542053
211201,0.5310322,10.720212,2.72154,78.625954,0.86292732,0.89611685,5.6422172
211202,0,21.02033,3.5289605,64.441887,1.150748,1.0356731,8.822401
211310,3.6080074,19.087523,4.0968342,70.204842,0.48882681,0.58193666,1.9320298
211320,0,19.939486,4.4478064,67.049927,1.0590016,0.87745839,6.6263237
211410,0.88365245,46.759941,4.6023564,35.125183,0,4.5655375,8.0633287
211420,0,36.978546,5.691299,45.172825,0,0.89392132,11.263409
211500,0,45.334469,2.5564551,18.726034,0.21303792,2.5351512,30.634853
211701,0,61.103722,3.6901596,4.1888299,0,5.8843083,25.132978
211703,0.44097012,43.014633,5.2715974,42.493484,0,0.18039687,8.598918
211704,0,54.281815,5.6635962,21.733196,0,2.9682703,15.353122
211802,1.7802042,48.563969,4.5810585,30.002373,0,2.4210777,12.651318
211803,0,69.93412,6.640316,16.943346,0,0.84321475,5.6389985
211804,0.77544427,60.678513,4.9434571,15.121163,0.84006464,8.3683357,9.2730207
211910,0,21.836176,4.23247,65.634872,0,2.0635924,6.2328911
211921,1.3169845,40.009083,4.9500456,40.054497,1.3169845,5.5404177,6.8119893
